0 0 5 874965758
0 1 3 876893171
0 2 4 878542960
0 3 3 876893119
0 4 3 889751712
0 5 5 887431973
0 6 4 875071561
0 7 1 875072484
0 8 5 878543541
0 9 3 875693118
0 10 2 875072262
0 11 5 878542960
0 12 5 875071805
0 13 5 874965706
0 14 5 875071608
0 15 5 878543541
0 17 4 887432020
0 18 5 875071515
0 19 4 887431883
0 20 1 878542772
0 21 4 875072404
0 22 4 875072895
0 23 3 875071713
0 24 4 875071805
0 25 3 875072442
0 26 2 876892946
0 27 4 875072173
0 28 1 878542869
0 29 3 878542515
0 30 3 875072144
0 31 5 888732909
0 32 4 878542699
0 33 2 878542869
0 34 1 878542420
0 35 2 875073180
0 36 2 878543030
0 37 3 878543075
0 38 4 875072173
0 39 3 876893230
0 40 2 876892818
0 41 5 876892425
0 42 4 878542869
0 43 5 878543541
0 44 5 875241687
0 45 4 876893230
0 47 5 875072520
0 48 3 878542478
0 49 5 874965954
0 50 4 878543275
0 51 4 875072205
0 52 3 876893206
0 53 3 878543308
0 54 5 875072688
0 55 4 875072716
0 56 5 878542459
0 57 4 878542960
0 58 5 876892817
0 59 5 875072370
0 60 4 878542420
0 61 3 878542282
0 62 2 878543196
0 64 4 875072125
0 65 4 878543030
0 66 3 876893054
0 67 4 875072688
0 68 3 875072262
0 69 3 875072895
0 70 3 876892425
0 71 4 878542678
0 72 3 876892774
0 73 1 889751736
0 74 4 878543238
0 75 4 878543176
0 76 4 876893205
0 77 1 878543176
0 78 4 875072865
0 79 4 876893008
0 80 5 875072865
0 81 5 878542589
0 82 3 875072370
0 83 4 875072923
0 84 3 875073180
0 85 5 878543541
0 86 5 878543541
0 87 4 878542791
0 88 5 875072484
0 90 5 876892636
0 92 5 875071484
0 93 2 875072956
0 94 4 875072303
0 95 5 875072716
0 96 3 875073128
0 97 4 875072404
0 98 3 875072547
0 99 5 878543541
0 100 2 878542845
0 101 2 889751736
0 102 1 878542845
0 103 1 875241619
0 104 2 875240739
0 105 4 875241390
0 106 4 875241619
0 107 5 875240920
0 108 5 874965739
0 109 1 878542845
0 110 5 889751711
0 111 1 878542441
0 113 5 875072173
0 114 5 878541637
0 115 3 878542960
0 116 3 874965739
0 117 3 875071927
0 118 5 876893098
0 119 1 875241637
0 120 4 875071823
0 121 3 875241498
0 122 4 875071541
0 123 5 875071484
0 124 3 878542960
0 125 2 875071713
0 126 5 874965706
0 127 4 875072573
0 128 5 887431908
0 129 3 875072002
0 130 1 878542552
0 131 4 878542889
0 132 4 876892818
0 133 4 875073067
0 134 4 875072404
0 135 3 876893206
0 136 5 875071541
0 137 1 878543006
0 138 3 878543216
0 139 1 878543133
0 140 3 878542608
0 141 2 878543238
0 142 1 875072631
0 143 4 875073180
0 144 2 875073067
0 145 4 875071561
0 146 3 875240993
0 147 2 875240799
0 148 2 878542791
0 149 5 876892196
0 150 4 875072865
0 151 5 878542589
0 152 3 876893230
0 153 5 878543541
0 154 2 878542201
0 155 4 874965556
0 156 4 876892918
0 157 3 878542699
0 158 3 875073180
0 159 4 875072547
0 160 4 875072303
0 161 4 878542420
0 162 4 875072442
0 163 3 876893171
0 164 5 874965518
0 165 5 874965677
0 166 2 878542383
0 167 5 874965478
0 168 5 878543541
0 169 5 876892856
0 170 5 889751711
0 171 5 874965478
0 172 5 878541803
0 173 5 875073198
0 174 5 875072547
0 175 5 876892468
0 176 5 876892701
0 177 5 878543541
0 178 3 875072370
0 179 3 875072573
0 180 5 874965739
0 181 4 875072520
0 182 5 875072262
0 183 4 875072956
0 184 4 875072631
0 185 4 875073128
0 186 4 874965678
0 187 3 875073128
0 188 3 888732928
0 189 5 875072125
0 190 5 875072956
0 191 4 875072547
0 192 4 876892654
0 193 4 876892743
0 194 5 876892855
0 195 5 874965677
0 196 5 875072956
0 197 5 878542717
0 198 4 875072262
0 199 3 876893098
0 200 3 878542960
0 201 5 875072442
0 202 4 878542231
0 203 5 875072688
0 204 3 878542909
0 205 4 876893205
0 206 5 875073067
0 207 5 878542960
0 208 4 888732908
0 209 4 878542909
0 210 3 878541970
0 211 4 875072895
0 212 2 876892896
0 213 4 875072520
0 214 3 876893145
0 215 5 876892701
0 216 3 876892676
0 217 3 876892856
0 218 1 878542327
0 219 3 875241390
0 220 5 887431921
0 222 5 876892918
0 223 5 875071484
0 224 2 878542738
0 225 3 878543176
0 228 4 878542075
0 229 4 878542420
0 230 1 876893031
0 231 3 878543196
0 232 2 878542552
0 233 4 876892355
0 234 5 875071589
0 235 4 875071898
0 236 2 875071749
0 237 4 875072235
0 238 4 878542845
0 239 3 875071898
0 240 4 878543133
0 241 5 889751633
0 242 1 875241390
0 243 2 887431973
0 244 2 875071713
0 245 5 874965905
0 246 1 875241619
0 247 4 874965954
0 248 4 874965970
0 249 4 874965706
0 250 4 875071843
0 251 2 875240677
0 253 1 878541392
0 254 2 885345822
0 255 4 889751712
0 256 4 874965954
0 257 5 878873389
0 258 1 875692979
0 259 1 875071713
0 260 1 875692992
0 261 3 875071421
0 262 1 875693007
0 263 2 875071713
0 264 4 878542441
0 265 1 885345728
0 266 4 875692955
0 267 5 875692927
0 268 5 877482427
0 269 5 888732827
0 270 2 887431672
0 271 3 887431647
1 0 4 888550871
1 9 2 888551853
1 12 4 888551922
1 13 4 888551853
1 18 3 888550871
1 24 4 888551648
1 49 5 888552084
1 99 5 888552084
1 110 4 888551853
1 126 5 888552084
1 236 4 888552017
1 241 5 888552084
1 250 5 888552084
1 254 4 888551341
1 257 3 888549961
1 268 4 888550774
1 271 5 888979061
1 272 4 888551647
1 273 3 888551497
1 274 5 888550939
1 275 4 888551552
1 276 4 888551174
1 277 3 888551647
1 279 3 888551441
1 280 3 888980240
1 281 4 888551922
1 282 5 888552084
1 283 4 888552017
1 284 5 888552084
1 285 4 888549960
1 286 3 888551235
1 287 3 888550252
1 288 3 888979353
1 289 3 888551441
1 290 3 888551647
1 291 4 888550774
1 292 4 888550939
1 293 1 888551648
1 294 4 888551164
1 295 3 888550871
1 296 4 888550871
1 297 3 888551441
1 299 4 888979197
1 301 5 888552084
1 303 4 888979197
1 304 3 888550065
1 305 4 888550774
1 308 1 888980029
1 309 4 888979061
1 310 5 888552084
1 311 3 888550631
1 313 1 888980085
2 180 4 889237482
2 244 1 889237247
2 257 2 889237026
2 259 4 889237455
2 263 2 889237297
2 267 3 889236961
2 270 3 889237224
2 271 2 889237055
2 287 2 889237026
2 293 2 889237224
2 301 2 889236939
2 302 3 889236983
2 306 3 889237224
2 316 2 889237482
2 318 2 889237026
2 319 5 889237482
2 320 5 889237455
2 321 3 889237269
2 322 2 889237269
2 324 1 889237297
2 325 2 889237224
2 326 4 889237455
2 327 5 889237455
2 328 4 889237455
2 330 4 889237455
2 331 1 889237224
2 332 2 889236939
2 333 3 889237122
2 334 1 889237269
2 335 1 889237198
2 336 1 889236983
2 337 2 889237297
2 338 3 889237141
2 339 5 889237455
2 341 4 889237174
2 342 3 889237122
2 343 4 889236939
2 345 5 889237455
2 346 5 889237455
2 348 3 889237269
2 351 2 889237055
2 352 1 889237122
2 353 3 889237004
2 354 3 889237247
3 49 5 892003526
3 259 4 892004275
3 263 3 892004275
3 287 4 892001445
3 293 5 892004409
3 300 5 892002353
3 302 5 892002352
3 353 5 892002353
3 355 3 892003459
3 356 4 892003525
3 357 2 892004275
3 359 5 892002352
3 360 5 892002353
3 361 5 892002352
4 0 4 875635748
4 1 3 875636053
4 16 4 875636198
4 20 3 875635327
4 24 3 875635318
4 28 4 875637023
4 39 4 879198109
4 41 5 875636360
4 49 4 875635758
4 62 1 878844629
4 65 1 875721019
4 68 1 875721555
4 69 4 875636389
4 78 3 875635895
4 79 2 875636511
4 88 5 875636033
4 89 3 875636297
4 93 3 878844651
4 94 4 875721168
4 97 3 875720691
4 98 3 875721216
4 99 5 875635349
4 100 5 878844510
4 104 3 875635443
4 108 5 875635350
4 109 1 875636493
4 120 4 875635189
4 134 4 875637536
4 138 3 875721260
4 142 3 875636815
4 143 3 875636141
4 144 1 875720830
4 150 3 875635723
4 152 5 875636375
4 153 3 875636691
4 161 1 875721572
4 162 5 879197864
4 166 2 875636281
4 167 3 875636691
4 168 5 878844495
4 171 5 875636130
4 172 4 875636675
4 173 5 875636130
4 175 3 875635962
4 180 5 875635757
4 182 4 875636014
4 184 3 875720692
4 185 5 875636375
4 188 5 878844495
4 193 4 878845197
4 199 2 875720717
4 203 4 875636675
4 207 4 875636675
4 208 5 875636571
4 209 3 875636099
4 213 3 875637485
4 215 1 875720967
4 218 3 875720744
4 221 4 875635174
4 224 2 875635723
4 225 3 875635962
4 226 4 875636099
4 227 5 875636070
4 228 2 875635947
4 229 3 875636070
4 232 4 875729064
4 233 2 875720692
4 234 4 875635384
4 238 4 875636655
4 240 1 875720948
4 242 1 878844164
4 249 3 875635265
4 256 5 875635239
4 258 1 878844208
4 266 4 875635064
4 362 3 875635225
4 363 1 875636571
4 364 1 875637144
4 365 3 875637145
4 366 3 875636281
4 367 1 875635457
4 368 1 875635372
4 369 1 875720814
4 370 1 875720967
4 371 3 875636230
4 372 3 875635907
4 373 3 875636905
4 374 3 875637587
4 377 1 875721167
4 378 3 875720814
4 379 3 875637191
4 380 1 875636540
4 382 3 875636588
4 383 3 875636389
4 384 4 875636185
4 385 2 875636230
4 386 3 875637419
4 387 2 879198898
4 388 1 875721315
4 389 5 875636340
4 390 4 875636167
4 391 2 875637330
4 392 2 875636265
4 393 2 879198031
4 394 2 879198898
4 395 5 875636265
4 396 2 875635907
4 397 2 875636167
4 398 3 875635947
4 399 1 878844630
4 400 5 875636308
4 401 1 875720947
4 402 3 875636152
4 403 2 875721216
4 404 3 875635225
4 405 1 875635807
4 407 5 878844495
4 408 2 878844651
4 409 1 879198183
4 410 1 875635431
4 411 3 875635416
4 412 3 875635807
4 413 3 875636691
4 414 1 875636842
4 415 1 875721196
4 416 3 875636830
4 417 3 875721216
4 418 3 875636815
4 419 3 875721168
4 420 1 875721019
4 421 4 875636767
4 423 1 875635807
4 424 2 875637440
4 425 3 878844510
4 426 3 875721167
4 427 5 875636588
4 428 3 875637429
4 429 5 875636631
4 430 3 875636099
4 431 4 875636793
4 432 5 875636655
4 433 5 875637033
4 434 4 875636033
4 435 5 875720717
4 436 1 878844423
4 437 1 878844423
4 438 1 878844423
4 439 1 878844423
4 440 1 875720830
4 441 1 879198898
4 442 4 875720744
4 443 2 875720762
4 444 3 875720744
4 445 4 875720845
4 446 3 875720744
4 447 2 875720692
4 448 2 875636099
4 449 1 875635962
4 450 1 875636571
4 451 1 878844397
4 452 1 879198898
4 453 1 875721432
4 454 4 875635174
4 455 1 875636375
4 456 1 879198898
5 0 4 883599478
5 6 2 883599102
5 7 4 883600657
5 8 4 883599205
5 11 4 883601053
5 12 2 883599400
5 13 5 883599249
5 14 3 883599302
5 18 4 883602965
5 20 3 883600152
5 21 3 883602048
5 22 4 883601365
5 27 2 883603013
5 31 4 883601311
5 46 3 883600943
5 49 4 883600842
5 55 4 883601277
5 58 5 883601713
5 63 4 883600597
5 68 3 883601277
5 69 3 883601427
5 70 4 883601053
5 78 3 883600747
5 80 4 883602283
5 85 3 883603013
5 86 4 883602174
5 88 4 883600842
5 94 2 883602133
5 97 5 883600680
5 99 5 883599176
5 110 2 883599478
5 116 2 883599431
5 123 5 883599228
5 124 3 883599670
5 126 5 883599134
5 130 5 883602048
5 131 5 883602422
5 132 4 883601459
5 133 5 883602283
5 134 5 883600747
5 135 5 883600842
5 136 5 883599327
5 150 3 883599558
5 152 4 883603013
5 153 3 883602730
5 155 3 883602212
5 164 5 883600747
5 165 4 883601426
5 167 4 883602865
5 168 4 883600943
5 169 4 883602574
5 172 5 883602462
5 173 4 883600985
5 174 4 883601426
5 176 4 883600818
5 177 4 883600785
5 179 4 883601311
5 181 4 883268776
5 182 4 883601311
5 184 5 883601393
5 185 4 883602730
5 186 4 883600914
5 187 3 883602462
5 188 3 883601365
5 190 4 883601088
5 191 4 883600914
5 192 3 883601529
5 193 4 883601365
5 194 4 883602283
5 196 5 883601203
5 198 4 883601203
5 199 3 883602422
5 201 3 883602690
5 202 3 883602864
5 203 3 883601277
5 204 3 883600878
5 207 4 883602422
5 208 4 883601713
5 212 4 883602462
5 215 5 883601500
5 222 4 883600747
5 236 2 883599914
5 237 5 883601713
5 241 4 883268170
5 245 3 883599509
5 247 3 883598981
5 256 2 883599478
5 257 2 883268278
5 258 1 883268375
5 260 3 883268522
5 267 3 883268406
5 268 4 883268222
5 271 4 883717304
5 273 4 883602501
5 275 2 883599134
5 283 2 883599590
5 284 3 883599431
5 285 2 883268170
5 292 3 883599327
5 296 3 883599134
5 297 3 883599558
5 300 2 883600406
5 301 4 883268222
5 302 3 883268321
5 303 4 883268322
5 305 4 883268246
5 307 3 883600445
5 308 2 883268430
5 309 2 883268353
5 316 3 883602174
5 317 4 883600985
5 320 3 883268353
5 339 2 883268278
5 366 2 883602690
5 404 1 883600066
5 407 4 883599075
5 409 4 883599707
5 418 4 883602284
5 422 3 883602501
5 424 3 883602865
5 426 4 883600707
5 431 4 883601713
5 434 4 883601529
5 457 1 883599914
5 458 2 883599228
5 459 2 883600004
5 460 4 883601393
5 461 5 883600914
5 462 4 883601713
5 463 2 883601365
5 464 1 883683508
5 465 4 883602422
5 466 4 883602284
5 467 3 883602174
5 469 3 883602690
5 470 2 883599558
5 471 1 883600003
5 472 2 883600111
5 473 5 883601277
5 474 5 883599478
5 475 1 883600175
5 476 1 883599509
5 478 5 883601053
5 479 4 883601089
5 480 5 883600914
5 481 4 883601203
5 482 5 883601500
5 483 5 883601011
5 484 5 883602664
5 485 4 883601427
5 486 5 883600785
5 487 5 883601426
5 488 5 883601011
5 489 5 883601365
5 490 4 883602174
5 491 5 883601089
5 492 5 883601713
5 493 4 883601713
5 494 4 883601366
5 495 4 883601155
5 496 4 883601088
5 497 4 883601053
5 498 4 883602283
5 499 4 883601277
5 500 5 883602730
5 501 4 883602664
5 502 3 883602133
5 503 3 883601155
5 504 4 883602422
5 505 4 883602174
5 506 4 883601310
5 508 4 883602664
5 509 4 883600785
5 510 5 883601393
5 511 4 883601155
5 512 4 883600913
5 513 5 883600657
5 514 4 883599273
5 515 4 883602664
5 516 4 883602212
5 517 3 883603042
5 518 5 883601365
5 519 4 883600985
5 520 4 883601277
5 521 5 883601500
5 522 5 883601528
5 523 3 883600632
5 524 5 883601203
5 525 3 883602596
5 526 4 883600877
5 527 4 883602174
5 528 4 883601459
5 529 4 883601203
5 530 4 883600747
5 532 4 883599830
5 533 4 883599354
5 534 2 883600030
5 535 4 883599400
5 536 4 883601277
5 537 2 883268483
5 538 2 883681433
6 3 5 891351772
6 6 5 891352220
6 7 5 891351328
6 8 5 891351432
6 9 4 891352864
6 10 3 891352451
6 11 5 892135346
6 21 5 891351121
6 22 3 891351383
6 24 3 891352451
6 26 4 891352692
6 27 5 891352341
6 28 3 891353828
6 30 4 892134959
6 31 4 891350932
6 38 5 891353614
6 43 5 891351728
6 46 5 891352692
6 49 5 891351042
6 50 2 891352984
6 51 4 891353801
6 52 5 891354689
6 53 3 892132380
6 55 5 891351432
6 61 3 891354499
6 63 5 891350756
6 67 4 891351547
6 68 5 891351728
6 69 1 891352557
6 70 5 891352692
6 71 5 891353977
6 72 3 892133154
6 76 5 891353325
6 77 3 891354165
6 78 4 891352261
6 79 4 891354381
6 80 5 891352626
6 81 3 891351471
6 85 4 891350810
6 88 5 891351082
6 89 3 891352984
6 90 3 891353860
6 91 5 891352010
6 92 5 891351042
6 95 5 891351383
6 96 5 891351201
6 97 4 891351002
6 98 5 891352557
6 99 5 891351082
6 100 5 891350966
6 105 4 891353892
6 117 2 891353411
6 120 5 891352904
6 124 4 891353192
6 125 3 891353254
6 126 5 891351728
6 130 5 891352383
6 131 5 891351287
6 132 5 891353192
6 133 4 892134959
6 134 5 891351547
6 135 5 891351813
6 138 3 891354729
6 139 5 891353124
6 140 5 891353444
6 141 3 891354090
6 142 3 892132627
6 143 5 891351201
6 144 1 891354530
6 150 4 891352749
6 151 4 891351851
6 152 5 891352220
6 153 5 891353124
6 155 5 891351653
6 156 5 891352059
6 160 3 891352489
6 161 5 891353444
6 162 4 891353444
6 163 5 891351813
6 165 3 891351585
6 167 5 891351509
6 171 4 891350965
6 172 5 891351002
6 173 5 891350757
6 174 5 892133057
6 175 3 891350782
6 176 4 891352904
6 177 4 891350932
6 178 5 891352303
6 179 5 891350782
6 180 3 891351287
6 181 4 891350965
6 182 4 891351624
6 184 5 892135346
6 185 4 891350900
6 186 4 891350757
6 187 5 891352778
6 189 5 891351728
6 190 5 891351201
6 191 4 891352010
6 192 5 892135346
6 193 5 891351851
6 194 5 891352626
6 195 5 891351432
6 196 4 891351082
6 197 3 891351685
6 198 5 892135346
6 200 2 891351471
6 201 3 891352947
6 202 5 891352178
6 203 5 891351121
6 204 5 891351585
6 206 4 891352526
6 207 5 891352220
6 209 4 891352904
6 210 5 891352557
6 211 1 891353051
6 212 3 891351686
6 213 5 891352384
6 214 4 891351624
6 215 4 891350900
6 216 4 891352778
6 218 1 892131924
6 222 5 891351328
6 225 5 891353614
6 226 3 892132317
6 227 4 891350845
6 228 3 891352384
6 229 3 891353326
6 230 3 892132885
6 231 3 891353766
6 233 5 891351041
6 236 5 891351772
6 237 5 891351814
6 240 4 891354053
6 257 4 892135277
6 258 3 891350464
6 259 1 892130982
6 263 4 891350703
6 264 5 891350845
6 265 4 891350703
6 267 3 891350703
6 268 3 891349991
6 272 3 891351547
6 274 4 891352831
6 280 3 891353710
6 284 5 891351813
6 285 4 891350703
6 287 4 891350703
6 293 1 892130809
6 299 4 891350703
6 306 5 891350703
6 308 3 891350704
6 316 4 892133670
6 317 5 891352010
6 323 1 892135078
6 333 5 892130784
6 340 3 892333206
6 355 4 891351728
6 356 5 892135347
6 364 4 891353744
6 366 5 891350810
6 378 4 891353325
6 379 4 891354053
6 381 4 891352093
6 383 3 891353710
6 384 5 891351585
6 385 4 892133310
6 386 3 892133670
6 388 4 891354090
6 390 3 892132943
6 392 4 891352058
6 395 4 891354288
6 398 4 891354357
6 400 4 891354257
6 401 5 891352904
6 402 4 891351234
6 403 5 891352947
6 404 3 891353290
6 414 2 891354438
6 415 5 891353051
6 416 3 892132652
6 417 4 892131824
6 418 3 891350900
6 419 5 891353219
6 420 3 891352134
6 422 5 891351509
6 426 5 891352220
6 427 5 892133036
6 428 5 891351002
6 429 3 891352178
6 430 4 891351547
6 431 4 891352831
6 432 5 892135347
6 433 4 891352384
6 434 5 891350845
6 435 5 891351471
6 439 1 892131978
6 440 2 891354257
6 442 5 891353254
6 443 5 891354288
6 445 2 892132020
6 446 5 891350900
6 447 3 891353828
6 448 3 891354785
6 449 4 892132425
6 451 5 891353860
6 454 4 891353086
6 460 4 891352303
6 462 4 891353192
6 464 4 891353154
6 469 3 891352489
6 470 4 891352864
6 473 5 891351002
6 478 4 891352010
6 479 4 891352093
6 480 5 891352341
6 481 3 891351083
6 482 4 891351851
6 483 5 891351201
6 484 5 891351851
6 486 3 891352178
6 487 4 891351041
6 488 3 891353477
6 490 5 891351432
6 491 5 891352010
6 494 5 891351328
6 495 5 891351083
6 496 4 891352134
6 497 5 891351814
6 498 4 891351472
6 500 5 891353411
6 501 5 891352261
6 502 4 891353950
6 503 5 891352384
6 504 3 891352341
6 505 5 891353614
6 506 5 891352383
6 508 5 891352778
6 509 5 891352134
6 510 5 891351624
6 512 4 891351772
6 513 2 891351121
6 514 3 891350757
6 518 4 891352831
6 519 5 892133466
6 520 5 891353124
6 522 4 891350845
6 525 5 891351042
6 526 5 891351772
6 527 5 891352659
6 528 2 891352626
6 529 5 891350900
6 536 3 891352749
6 539 3 892132972
6 540 2 891354662
6 541 4 892131849
6 543 3 891353254
6 544 2 891354882
6 545 4 891353444
6 546 3 891353710
6 547 5 891352692
6 548 4 891353086
6 549 4 891352489
6 550 1 892131978
6 551 4 891354531
6 552 3 892134010
6 554 4 892134811
6 555 3 891352659
6 556 4 892132145
6 557 4 892131924
6 558 5 891354882
6 559 3 892132798
6 560 4 891354611
6 561 5 891354053
6 562 2 892131978
6 563 3 891354471
6 564 4 892132019
6 565 4 891353411
6 566 1 892132019
6 567 5 891352261
6 568 4 892131978
6 569 3 891354639
6 570 3 891353950
6 571 3 891354331
6 572 5 891353828
6 573 5 892132402
6 574 3 892133271
6 575 5 892132943
6 576 2 892133310
6 577 3 891354090
6 578 4 892133361
6 579 3 892132171
6 580 5 891353477
6 581 5 892135347
6 582 2 892132380
6 583 4 891352093
6 584 4 892133180
6 585 3 891354639
6 586 4 891353950
6 587 4 891352261
6 588 5 891352451
6 589 2 891354730
6 590 3 891352179
6 591 5 891353652
6 592 5 891351851
6 593 3 891354114
6 594 2 891353801
6 595 5 891351728
6 596 3 891353744
6 597 3 891353801
6 598 1 891353860
6 599 4 891354090
6 600 5 891353744
6 601 3 891352594
6 602 4 891350757
6 603 3 891351547
6 604 4 891353290
6 605 3 891352904
6 606 3 891352831
6 607 4 891351653
6 608 3 891352749
6 609 5 891353086
6 610 3 891351161
6 611 5 891351121
6 612 4 891352010
6 613 5 891352489
6 614 4 891351585
6 615 4 891351002
6 616 5 891354588
6 617 4 891350900
6 618 3 891352831
6 619 4 891353892
6 620 5 892132773
6 621 4 891352984
6 623 4 891353892
6 624 3 892131824
6 625 5 892132773
6 626 3 891352594
6 627 3 891352831
6 628 3 891352526
6 629 5 891352341
6 630 4 891352984
6 631 5 891352261
6 632 5 891351509
6 633 5 891351287
6 634 3 891352864
6 635 4 891351384
6 636 4 891353570
6 637 4 892132122
6 638 5 891353676
6 639 3 891353614
6 640 5 892135346
6 641 3 892132277
6 642 4 891350932
6 644 4 891353614
6 645 5 891351383
6 646 5 891352489
6 647 5 891351653
6 648 5 891353254
6 649 3 891350965
6 650 5 891350932
6 651 3 891352659
6 652 4 891351161
6 653 5 892135347
6 654 5 891351384
6 655 3 891351509
6 656 4 891351234
6 657 3 891352419
6 658 5 891351161
6 659 5 891353051
6 660 5 891351624
6 662 5 891352220
6 663 3 891353977
6 664 4 891354471
6 665 4 892132192
6 666 5 892135347
6 667 4 891352778
6 668 1 892132020
6 669 5 891353254
6 670 5 891351728
6 671 1 892131925
6 672 3 891353744
6 673 2 891352659
6 674 5 891352947
6 675 3 891354499
6 676 3 891354499
6 677 3 891350356
6 678 5 891353124
6 679 4 891350703
6 680 1 891350594
6 681 2 891350383
6 682 4 891350703
7 10 3 879362233
7 21 5 879362183
7 49 5 879362124
7 54 5 879362286
7 78 4 879362286
7 81 5 879362356
7 88 4 879362124
7 95 3 879362183
7 126 5 879362123
7 173 5 879362183
7 175 5 879362233
7 176 4 879362233
7 180 4 879362183
7 181 5 879362183
7 182 5 879362233
7 186 4 879362123
7 187 5 879362356
7 194 5 879362287
7 209 4 879362287
7 221 5 879362356
7 226 4 879362423
7 227 5 879362286
7 228 5 879362356
7 232 4 879362423
7 240 4 879362423
7 242 2 879361732
7 257 5 879361482
7 258 1 879361604
7 259 3 879361665
7 272 3 879362287
7 293 3 879361521
7 335 3 879361664
7 337 4 879361873
7 340 2 879361825
7 357 2 879361732
7 384 1 879362124
7 402 4 879362234
7 430 2 879362356
7 434 5 879362233
7 456 1 879361825
7 509 4 879362233
7 517 4 879362422
7 549 3 879362356
7 565 3 879362423
7 650 5 879362123
7 683 4 879362356
7 686 1 879361825
7 687 1 879361732
7 688 4 879361873
8 5 5 886960055
8 6 4 886960030
8 285 5 886960055
8 297 5 886960055
8 339 4 886958715
8 384 5 886960055
8 478 4 886959343
8 486 5 886960056
8 506 4 886959343
8 520 4 886959343
8 526 3 886959344
8 690 5 886960055
9 0 4 877888877
9 3 4 877889130
9 6 4 877892210
9 8 4 877889005
9 10 4 877888677
9 11 5 877886911
9 12 3 877892050
9 15 4 877888877
9 21 5 877888812
9 22 5 877886911
9 31 4 877886661
9 32 4 877893020
9 39 4 877892438
9 49 5 877888545
9 55 5 877886598
9 58 4 877886722
9 59 3 877892110
9 63 4 877886598
9 68 4 877889131
9 69 4 877891747
9 81 4 877886912
9 84 4 877892438
9 92 4 877892160
9 97 4 877889261
9 98 5 877889130
9 99 5 877891747
9 115 4 877888944
9 123 5 877888545
9 126 5 877886661
9 128 4 877891966
9 131 5 877893020
9 132 5 877891904
9 133 5 877889131
9 134 5 877889004
9 136 4 877889186
9 143 4 877892110
9 152 4 877886722
9 154 4 877889186
9 155 4 877886846
9 156 5 877889004
9 159 4 877888944
9 160 4 877892050
9 161 4 877892210
9 163 4 877889333
9 167 4 877888812
9 169 4 877889333
9 173 4 877886661
9 174 3 877888677
9 175 4 877889130
9 177 5 877888677
9 178 5 877889004
9 179 5 877889333
9 181 5 877888876
9 182 5 877893020
9 184 5 877888876
9 185 4 877886722
9 190 5 877888613
9 191 4 877891966
9 193 4 877886661
9 194 4 877889130
9 196 5 877888944
9 197 3 877889005
9 198 4 877892050
9 199 5 877889261
9 204 5 877888812
9 210 5 877889130
9 215 4 877889333
9 217 4 877889261
9 220 4 877888677
9 222 5 877888545
9 229 4 877892210
9 233 4 877888877
9 237 4 877892276
9 244 4 877886281
9 268 4 877886162
9 272 4 877888613
9 273 4 877889333
9 274 4 877888677
9 275 4 877891904
9 282 4 877892276
9 284 5 877889186
9 285 4 877886162
9 293 3 879163524
9 301 4 877886162
9 318 3 877886223
9 332 4 877886359
9 333 4 877886281
9 356 5 877889186
9 366 4 877892437
9 370 4 877886912
9 384 4 877886783
9 403 4 877886911
9 413 4 877891966
9 417 4 877886783
9 419 4 877892438
9 429 3 877886597
9 431 4 877892160
9 434 5 877889261
9 446 4 877891747
9 460 3 877888944
9 461 3 877891747
9 466 4 877891904
9 469 4 877891747
9 473 4 877886783
9 474 4 877888545
9 477 5 877889004
9 478 5 877891966
9 479 5 877888943
9 481 4 877889262
9 482 5 877889333
9 483 5 877891904
9 485 4 877886846
9 487 5 877888613
9 492 4 877886661
9 494 4 877892160
9 495 5 877889005
9 496 4 877889261
9 497 5 877889333
9 498 4 877893021
9 501 4 877889261
9 503 5 877892110
9 508 4 877889005
9 509 5 877892209
9 510 4 877888877
9 512 4 877886598
9 517 4 877886722
9 518 5 877892050
9 520 4 877892110
9 524 5 877892210
9 526 4 877886597
9 528 3 877892438
9 529 4 877892210
9 530 5 877886911
9 557 4 877886722
9 581 4 877892276
9 587 4 877886846
9 588 5 877891905
9 601 5 877889057
9 602 5 877886783
9 603 4 877892110
9 605 5 877888876
9 609 4 877888613
9 610 5 877886722
9 614 4 877892276
9 616 5 877892160
9 628 4 877886722
9 650 4 877888812
9 651 3 877889130
9 653 5 877886597
9 655 5 877886846
9 662 3 877886598
9 663 4 877886911
9 685 4 877886911
9 691 4 877889261
9 692 4 877886783
9 693 5 877892437
9 694 3 877892050
9 695 4 877892276
9 696 3 877888677
9 697 4 877888877
9 698 4 877893020
9 699 4 877892277
9 700 4 877888812
9 701 3 877886722
9 702 5 877892110
9 703 3 877892050
9 704 4 877892050
9 705 4 877888677
9 706 5 877886783
9 707 4 877892438
9 708 4 877888613
9 709 4 877892160
9 710 4 877888812
9 711 4 877892438
10 7 4 891904949
10 8 5 891902970
10 10 2 891904271
10 11 2 891904194
10 14 5 891903067
10 21 4 891904241
10 23 3 891904016
10 24 3 891903836
10 27 5 891904241
10 28 3 891904805
10 37 3 891905936
10 38 3 891905824
10 39 3 891905279
10 41 3 891905058
10 46 4 891904551
10 50 4 891906439
10 51 3 891904335
10 53 3 891905936
10 55 4 891904949
10 56 2 891904552
10 57 3 891904596
10 68 3 891904270
10 69 4 891904573
10 78 4 891905783
10 82 5 891904335
10 85 4 891904551
10 87 3 891905003
10 89 2 891905298
10 93 3 891905324
10 96 4 891904300
10 97 2 891905783
10 99 4 891902718
10 106 4 891903276
10 108 3 891903836
10 109 3 891905324
10 110 4 891903862
10 119 2 891903935
10 120 3 891902745
10 122 3 891902745
10 124 4 891903108
10 134 4 891904335
10 167 3 891904949
10 172 5 891904920
10 174 3 891904551
10 175 3 891905783
10 179 2 891904335
10 184 4 891905783
10 190 4 891904270
10 193 4 891904920
10 195 5 891904270
10 202 4 891905856
10 203 3 891904920
10 207 4 891905032
10 210 3 891905003
10 212 4 891906389
10 214 3 891904389
10 215 3 891904949
10 221 3 891902718
10 226 3 891905896
10 227 3 891905824
10 228 4 891905878
10 236 4 891903005
10 237 3 891905032
10 238 4 891904617
10 240 4 891906389
10 257 5 891901696
10 258 3 891902270
10 259 1 891902426
10 267 5 891901652
10 273 3 891906510
10 276 5 891903226
10 285 5 891901606
10 289 3 891903877
10 290 4 891902815
10 299 3 891902092
10 300 4 891902157
10 316 4 891904174
10 317 5 891904194
10 323 1 891902222
10 331 5 891901769
10 349 4 891901991
10 355 4 891906327
10 356 5 891904241
10 364 3 891904764
10 366 3 891905058
10 369 3 891902880
10 371 4 891904968
10 381 3 891904573
10 382 2 891905555
10 385 3 891905279
10 392 4 891905222
10 394 2 891905349
10 398 3 891905279
10 400 3 891905324
10 401 4 891904662
10 404 3 891904016
10 413 3 891905393
10 422 5 891904174
10 424 4 891904300
10 426 4 891904300
10 427 4 891905032
10 428 5 891904335
10 429 3 891905032
10 430 2 891905896
10 432 4 891905003
10 433 4 891904270
10 434 4 891904968
10 448 3 891906327
10 450 2 891905003
10 454 3 891903862
10 503 3 891905856
10 507 4 891903005
10 520 2 891904174
10 523 4 891904949
10 525 3 891904859
10 526 4 891904335
10 543 4 891903226
10 548 4 891904617
10 557 3 891904214
10 572 3 891906327
10 576 3 891905555
10 579 5 891905222
10 596 2 891904037
10 602 4 891905783
10 645 3 891904389
10 651 4 891905003
10 653 3 891905856
10 658 5 891904920
10 661 3 891904300
10 662 4 891905032
10 689 4 891901716
10 691 4 891905003
10 698 4 891904389
10 706 5 891906389
10 709 2 891905221
10 712 5 891903024
10 714 3 891904764
10 715 3 891905058
10 716 2 891902815
10 717 5 891903836
10 718 3 891905279
10 720 3 891905279
10 721 3 891905349
10 722 5 891904637
10 723 3 891904551
10 724 3 891905568
10 725 3 891905515
10 726 3 891904335
10 727 3 891905366
10 728 4 891904637
10 729 3 891904335
10 730 4 891904789
10 731 3 891904596
10 732 4 891904413
10 733 3 891905349
10 734 3 891904300
10 735 4 891906411
10 736 4 891904789
10 737 3 891905324
10 738 3 891906411
10 739 4 891903067
10 741 3 891902815
10 742 2 891904065
10 743 4 891903005
10 744 5 891905324
10 746 3 891906426
10 747 1 891902270
10 748 5 891901797
10 749 5 891901629
10 750 2 891902092
10 751 4 891902157
11 3 5 879960826
11 49 4 879959044
11 68 5 879958902
11 81 4 879959610
11 87 5 879960826
11 95 4 879959583
11 96 5 879960826
11 97 5 879959068
11 126 4 879959488
11 131 5 879959465
11 132 4 879959670
11 142 5 879959635
11 158 4 879959306
11 160 5 879959553
11 167 4 879959513
11 169 4 879959374
11 171 4 879959088
11 173 5 879958969
11 194 4 879959670
11 199 1 879959610
11 201 4 879959514
11 202 3 879959583
11 203 5 879960826
11 214 4 879959553
11 215 5 879960826
11 227 4 879959465
11 237 5 879960826
11 241 5 879960826
11 281 5 879960679
11 299 4 879958639
11 317 5 879960826
11 327 4 879958742
11 380 4 879958902
11 391 4 879959025
11 401 5 879960826
11 415 3 879959025
11 470 5 879959670
11 479 4 879959161
11 590 5 879959212
11 707 3 879959394
11 734 5 879960826
12 0 3 882140487
12 1 3 882397650
12 3 5 882141306
12 4 1 882396869
12 6 2 882396790
12 7 4 882140001
12 8 3 882140205
12 10 1 882397146
12 11 5 881515011
12 12 5 882141617
12 13 4 884538727
12 16 1 882396954
12 20 3 882399040
12 21 4 882140487
12 22 5 882139937
12 23 1 882397741
12 24 1 882141686
12 26 3 882397833
12 27 5 882398814
12 28 2 882397833
12 31 4 882140286
12 32 5 882397581
12 36 1 882397011
12 37 3 882397974
12 38 3 882397581
12 39 2 886302815
12 41 4 882141393
12 44 3 882139863
12 47 5 882139863
12 48 4 882399419
12 49 5 882140001
12 50 3 882399419
12 52 1 882396955
12 55 5 881515011
12 57 4 882139966
12 58 4 882140425
12 59 4 884538767
12 60 4 882140552
12 61 5 882397833
12 63 5 882140037
12 65 3 882141485
12 66 1 882141686
12 67 3 882397741
12 68 4 884538766
12 69 3 882140691
12 70 4 882398654
12 71 4 882141727
12 72 3 882141485
12 77 1 882399218
12 78 3 882139746
12 81 2 882397503
12 82 2 886303585
12 85 1 881515348
12 86 5 882398814
12 87 4 882141485
12 88 4 882139717
12 89 3 882141872
12 90 2 882398724
12 91 3 882397271
12 93 3 882142057
12 94 5 882140104
12 95 4 882140104
12 96 4 882399357
12 97 4 881515011
12 98 4 882398654
12 99 5 882140166
12 108 4 882141306
12 109 3 882141130
12 110 5 882140588
12 115 5 882140455
12 116 3 882398138
12 117 4 882397581
12 120 5 882397503
12 123 5 884538663
12 126 5 881515411
12 127 1 882397502
12 131 4 882140002
12 134 5 882139541
12 136 5 882139804
12 137 1 882399218
12 140 2 890705034
12 142 1 882140205
12 143 4 882397146
12 144 2 882397011
12 146 3 882397502
12 149 5 882140588
12 151 5 882141393
12 152 4 882139901
12 153 5 882141335
12 154 2 882399615
12 156 3 882140552
12 157 1 882142057
12 159 4 882140070
12 160 5 882397741
12 162 3 882141582
12 163 3 882396790
12 164 3 881515295
12 165 5 884538663
12 166 4 882141659
12 167 4 881515193
12 169 5 882139774
12 171 5 882140355
12 172 2 882139863
12 173 4 882139829
12 174 4 882139717
12 175 3 882140455
12 176 5 882397271
12 177 4 882139829
12 178 2 882140206
12 179 5 882141248
12 180 5 882140354
12 181 5 882139347
12 182 4 882397271
12 183 1 882397011
12 184 3 881515011
12 185 4 890704999
12 186 5 882140205
12 187 4 882140130
12 189 4 882397145
12 190 3 881515193
12 192 5 882139937
12 193 5 882141458
12 194 3 881515296
12 195 4 882140552
12 196 4 881515239
12 197 3 881515193
12 198 5 882140001
12 199 3 882140552
12 200 1 882396869
12 201 5 882141425
12 203 5 882140318
12 204 2 881515193
12 207 5 882140624
12 208 3 882141306
12 209 3 882140455
12 210 4 882140002
12 211 5 882399385
12 214 5 882140588
12 215 3 881515193
12 216 1 882396955
12 217 1 882396869
12 218 1 882396955
12 221 3 882140285
12 222 5 882139901
12 223 4 882140166
12 224 2 882399156
12 225 4 882397651
12 226 5 882397650
12 227 4 882140389
12 229 3 882397503
12 230 3 882397582
12 231 3 890704999
12 232 4 882397650
12 233 5 882140252
12 234 2 882141841
12 236 5 882140285
12 237 3 881515411
12 238 4 882141752
12 240 3 882397502
12 241 2 881515193
12 242 3 882140966
12 257 4 882139327
12 259 1 882140848
12 260 1 883670785
12 261 4 881514876
12 262 5 881515647
12 263 4 882140848
12 264 4 882140038
12 267 4 881514810
12 268 2 889292060
12 269 4 881514876
12 270 1 881514876
12 271 4 884538403
12 272 3 882397502
12 273 3 882399384
12 274 3 886303585
12 275 5 882140104
12 278 5 882139804
12 279 4 882399528
12 280 3 882397974
12 284 5 882139937
12 285 3 881514683
12 286 1 882141459
12 287 1 882396790
12 288 2 882140759
12 289 4 882141814
12 291 5 882140867
12 293 2 881514683
12 298 3 881515698
12 299 1 881515736
12 300 1 882140718
12 301 5 881514811
12 302 4 881514876
12 304 4 881514811
12 305 3 881514876
12 306 2 881514684
12 307 3 881514726
12 309 4 881514683
12 310 3 881514726
12 311 1 883670630
12 312 4 882774047
12 313 1 884538485
12 314 5 884538466
12 315 5 888073653
12 316 5 882140552
12 317 3 882139686
12 318 4 882139327
12 319 1 882397010
12 320 2 882140740
12 321 3 882140792
12 322 3 882140848
12 325 3 882140792
12 326 3 881515521
12 327 3 881514811
12 328 2 886952246
12 330 3 881515457
12 331 3 881515457
12 332 3 881514810
12 333 1 886952467
12 335 2 882140848
12 337 1 882140740
12 338 3 882140718
12 339 2 881514684
12 340 2 886952422
12 341 4 885744650
12 342 1 883670672
12 343 2 888073635
12 344 4 884538366
12 345 4 883670552
12 346 5 885185824
12 347 2 886952246
12 348 1 892387807
12 349 2 886302293
12 350 1 886302385
12 352 4 886261450
12 353 2 888779458
12 354 3 888688733
12 356 3 881515411
12 357 3 881515521
12 359 4 882140926
12 361 4 890704999
12 362 3 882398076
12 366 3 882141458
12 369 1 882396984
12 370 3 882399385
12 376 1 882399219
12 378 1 882396984
12 381 1 882140624
12 383 2 882141814
12 384 3 882397502
12 386 3 886304229
12 390 3 882398255
12 392 3 882141617
12 393 2 882399615
12 395 3 882141727
12 397 2 882398410
12 399 4 885744650
12 400 1 882141841
12 401 4 886303934
12 402 2 882397271
12 403 5 882399014
12 404 2 882397742
12 405 1 882397011
12 408 3 882141872
12 409 1 882141997
12 410 2 882141924
12 412 1 882396984
12 413 5 882141458
12 415 3 882398934
12 416 2 882398934
12 418 3 882398814
12 419 4 882398691
12 420 2 882140389
12 422 5 882398814
12 423 1 882397068
12 426 5 882398814
12 427 5 882140588
12 428 5 884538727
12 429 5 882139495
12 430 1 882397271
12 431 4 882398654
12 432 4 881515239
12 434 5 882141392
12 435 2 882396869
12 436 1 882397068
12 437 1 882397068
12 438 1 882397040
12 439 1 882397040
12 440 1 882396984
12 441 1 890705056
12 442 4 882140588
12 443 4 882396984
12 444 4 882139774
12 445 1 882397039
12 446 2 882396869
12 447 1 882396869
12 448 4 882398385
12 449 3 882398494
12 450 1 882141872
12 451 3 882397039
12 452 2 882397067
12 454 3 882141425
12 456 1 883670785
12 461 5 882140487
12 462 5 882140318
12 466 5 882140588
12 470 1 882140455
12 471 5 882398327
12 472 4 882398724
12 473 4 881515112
12 474 3 881515113
12 475 2 882141997
12 476 4 882398934
12 477 4 884538571
12 479 3 881515193
12 480 3 882140038
12 481 5 882140355
12 482 5 882139774
12 483 5 882139804
12 484 1 882140624
12 487 3 890704999
12 490 4 882140166
12 491 5 882140552
12 492 5 882140206
12 493 4 881515295
12 496 5 882140166
12 500 5 882398724
12 501 5 882141458
12 503 5 881515011
12 504 3 882140389
12 505 5 882140691
12 506 1 882140070
12 507 3 882140426
12 508 5 882140691
12 509 5 882139717
12 510 5 882139863
12 513 5 881515112
12 514 2 881515193
12 515 5 882141485
12 516 5 882139746
12 517 4 882140252
12 518 5 882140355
12 519 4 886302261
12 521 5 882140425
12 522 4 882141306
12 523 4 886302261
12 524 5 882140624
12 525 3 882141053
12 526 5 882140252
12 528 4 882140206
12 529 5 881515295
12 530 3 882140104
12 537 1 884538448
12 538 1 883670785
12 539 3 882398410
12 540 1 882397650
12 545 3 882397741
12 546 1 882397011
12 547 3 882398743
12 548 4 882399357
12 549 4 882397741
12 550 1 882397084
12 552 2 882399419
12 553 2 882397833
12 557 1 882397011
12 558 1 882396913
12 560 1 882396914
12 562 1 882397039
12 563 1 882396913
12 564 1 882397040
12 565 5 882397502
12 566 1 882396955
12 567 3 882140552
12 568 2 882396955
12 569 5 882397581
12 571 2 882398255
12 572 3 882396955
12 575 3 882398076
12 577 3 882397974
12 584 4 882141814
12 585 3 882398326
12 587 4 882398763
12 588 3 881515239
12 589 2 882397068
12 595 3 882398691
12 596 3 882397650
12 600 4 882140104
12 601 4 884538634
12 602 4 884538571
12 603 5 882139966
12 605 4 882140130
12 609 2 882140690
12 611 4 882140318
12 612 4 881515411
12 613 4 884538634
12 614 4 881515348
12 616 3 881515112
12 618 3 886952245
12 620 4 882398934
12 623 5 882398691
12 624 2 882398691
12 628 1 882141582
12 629 2 886302261
12 630 3 882140624
12 631 3 884538664
12 634 1 882396984
12 635 2 882397502
12 636 2 882396913
12 637 3 881515239
12 638 3 882139804
12 645 4 882140037
12 646 5 882140206
12 649 2 882140425
12 650 5 882140070
12 651 5 882141458
12 653 5 881515295
12 654 5 886261387
12 655 5 882139746
12 656 4 882139829
12 658 3 882141335
12 660 5 881515411
12 661 5 882399420
12 662 5 882140252
12 664 2 882396984
12 666 1 882397040
12 667 1 882397068
12 668 1 882397067
12 669 3 882396955
12 670 3 882396790
12 671 1 882396914
12 672 3 882140691
12 673 3 882396955
12 674 5 882396955
12 677 3 882140792
12 678 4 882397650
12 681 1 883670742
12 682 1 886952521
12 683 5 882397271
12 684 5 882397582
12 685 5 882397146
12 686 1 883670705
12 687 1 883670819
12 688 2 881515735
12 689 3 881514811
12 690 4 889316404
12 691 4 882141659
12 693 4 890704999
12 704 5 884538766
12 705 1 882396869
12 708 4 882139863
12 711 4 882141872
12 715 4 882141393
12 719 4 882397974
12 721 3 882399528
12 731 5 882141617
12 732 5 882399528
12 734 3 882140690
12 735 4 882399528
12 736 4 882399615
12 738 4 886303745
12 739 1 882140355
12 745 3 884538766
12 746 4 882140624
12 747 4 882140792
12 748 3 881515521
12 749 5 883670552
12 750 5 882774081
12 751 1 886952569
12 753 4 882140718
12 754 3 882399014
12 755 2 886302858
12 756 3 882398934
12 757 1 882397084
12 758 2 882398542
12 759 1 882396914
12 760 4 882398076
12 761 5 882141336
12 762 1 882141458
12 763 2 882141997
12 764 2 886303934
12 765 4 882139686
12 766 1 882397011
12 767 4 882398724
12 768 3 882397040
12 769 4 882397581
12 770 3 882398410
12 771 1 882140070
12 772 1 882396869
12 773 1 882396913
12 774 4 886304188
12 775 2 882398934
12 776 1 882397084
12 777 3 886302694
12 778 3 882398255
12 780 3 882399528
12 781 3 885744650
12 782 3 886304188
12 783 1 882397084
12 784 3 882141924
12 785 3 886303088
12 786 3 882141582
12 787 1 882396914
12 788 5 882140389
12 789 2 882141841
12 790 5 882141686
12 791 5 882139686
12 792 5 882141841
12 793 4 882399615
12 794 2 882399219
12 795 3 886304188
12 796 5 882398327
12 797 2 882397974
12 798 4 882139937
12 799 1 882397067
12 800 3 886303172
12 801 2 882398254
12 802 3 882398255
12 803 2 882141997
12 804 4 882141458
12 805 5 882140426
12 806 1 886304229
12 807 2 882397833
12 809 5 882398076
12 810 5 882139829
12 811 2 882398933
12 812 1 882139863
12 813 5 886302261
12 814 4 886303934
12 815 1 882396983
12 816 1 882396914
12 817 3 882141814
12 818 1 882141924
12 819 4 882398743
12 820 3 882141393
12 821 3 884538634
12 823 3 886302261
12 824 1 882397651
12 825 5 882398385
12 826 3 882398327
12 827 1 882399218
12 828 3 882398385
12 829 1 882397581
12 830 3 882398385
12 831 4 882399156
12 832 2 882397974
12 833 1 882397068
12 834 3 882139901
12 835 2 882139746
12 836 4 882139717
12 837 1 882397742
12 838 1 882396984
12 839 3 886261387
12 840 1 882398076
12 841 2 882399156
12 842 5 882399156
12 843 1 882397010
12 844 3 882141503
12 845 2 882141997
12 846 4 882139937
12 847 5 882140001
12 848 1 882397833
12 849 4 882140318
12 850 5 882139966
12 851 1 882396869
12 852 1 882397010
12 853 1 882396914
12 854 4 882140130
12 855 5 886303171
12 856 3 881515348
12 858 1 882397040
12 859 1 882396984
12 860 3 882139774
12 861 3 882399074
12 862 4 882140487
12 864 5 882141425
12 865 3 882141814
12 866 5 882399615
12 867 5 882139901
12 868 3 882141727
12 869 3 882397271
12 870 2 882141924
12 871 3 882139327
12 872 1 881515565
12 873 5 881514876
12 874 1 881515613
12 875 2 881515521
12 876 2 882140792
12 877 1 883670785
12 878 2 881515697
12 879 3 882140966
12 880 2 881514876
12 881 3 886952438
12 882 3 882140848
12 883 2 882140814
12 884 1 886302334
12 885 5 881515613
12 886 5 882140867
12 887 2 886261388
12 888 3 892015236
12 889 1 883670672
12 890 1 892015288
12 892 3 882774005
12 893 1 883670742
12 894 1 883670515
12 895 5 891036745
12 896 1 886952422
12 897 1 884538403
12 898 1 892015288
12 899 5 888279677
12 901 3 891749765
12 902 3 890704759
12 903 1 892015178
12 904 2 886302261
12 905 3 891749765
12 906 1 884538485
12 907 1 886302385
12 908 5 890704721
12 909 2 890704721
12 910 2 892015141
12 911 2 892014861
12 912 1 892014908
12 913 2 892870589
12 914 5 892015023
12 915 4 892870589
12 916 4 892015104
12 917 3 892524090
13 6 5 876965061
13 8 4 879119260
13 11 5 890881216
13 12 4 880929778
13 13 3 879119311
13 14 4 879119390
13 17 3 879119260
13 18 5 880929651
13 21 3 890881521
13 22 5 890881216
13 24 2 876965165
13 31 5 890881485
13 41 4 879119579
13 49 5 890881557
13 69 1 879119692
13 80 5 890881384
13 95 4 890881433
13 97 3 890881335
13 110 3 876965165
13 115 5 876965165
13 120 3 876965061
13 123 5 876964936
13 126 2 879644647
13 167 4 879119497
13 171 5 890881521
13 172 4 879119579
13 173 5 890881294
13 175 1 890881484
13 180 5 889666215
13 185 4 879119497
13 190 4 890881557
13 194 5 890881336
13 201 3 890881521
13 203 5 879119651
13 209 5 879119739
13 210 4 879119693
13 212 5 890881557
13 221 4 876965061
13 237 5 879119579
13 239 5 880929697
13 241 4 876964570
13 264 3 890881216
13 268 4 892242403
13 274 4 876964725
13 275 4 879119390
13 282 4 882839936
13 284 5 879119118
13 287 4 876964936
13 301 5 890880970
13 318 1 884482684
13 356 2 890881294
13 381 5 879119739
13 407 5 879119348
13 426 5 890881433
13 427 4 879119497
13 429 5 879119692
13 472 5 876964936
13 473 4 890881557
13 474 3 876964936
13 476 4 879119311
13 491 4 890881485
13 497 5 890881384
13 506 4 890881521
13 508 5 890881521
13 516 4 890881485
13 522 4 879119497
13 523 5 879119497
13 524 5 890881557
13 529 5 890881433
13 587 4 890881433
13 595 3 879119311
13 602 4 890881484
13 627 5 880929697
13 653 4 890881294
13 654 5 879119739
13 662 5 879119651
13 708 5 879119693
13 715 5 879119651
13 749 3 891014196
13 761 3 876964936
13 812 2 880929564
13 819 3 882839856
13 844 3 880929564
13 918 4 876964725
13 919 4 880929745
13 920 5 890881384
13 921 4 880929651
13 922 5 890881294
14 0 1 879455635
14 6 1 879455506
14 8 4 879455635
14 12 1 879455940
14 13 4 879455659
14 14 4 879455939
14 17 1 879455681
14 24 3 879456204
14 49 5 879455606
14 110 4 879455914
14 117 1 879456381
14 120 3 879456168
14 124 5 879456049
14 126 2 879455505
14 147 3 879456049
14 180 5 879455710
14 219 4 879456262
14 221 3 879455730
14 224 3 879456447
14 234 1 879456424
14 236 3 879455871
14 242 1 879455362
14 243 2 879456447
14 247 1 879455871
14 248 1 879455764
14 250 2 879455541
14 251 2 879456351
14 254 5 879455764
14 256 4 879455821
14 257 3 879455473
14 268 5 879455165
14 273 4 879456168
14 274 4 879455562
14 279 3 879456167
14 281 3 879456204
14 282 4 879455505
14 284 4 879455635
14 285 2 879455049
14 290 3 879456084
14 291 5 879455128
14 296 3 879455606
14 299 4 879455166
14 301 4 879455049
14 302 3 879455080
14 305 5 879455165
14 306 1 879455233
14 307 5 879455334
14 309 4 879455049
14 321 3 879455262
14 322 1 879455311
14 327 3 879455192
14 330 3 879455166
14 332 1 879455128
14 404 2 879455957
14 408 3 879456324
14 410 2 879456351
14 454 1 879455914
14 457 5 879456288
14 458 5 879455562
14 470 4 879456084
14 471 3 879456204
14 472 1 879456204
14 475 4 879456404
14 545 2 879456324
14 590 2 879455821
14 675 4 879455871
14 677 1 879455311
14 684 4 879456288
14 689 4 879455128
14 743 4 879455789
14 747 3 879455262
14 748 1 879455311
14 753 5 879455080
14 814 1 879456108
14 822 2 879456351
14 844 2 879456108
14 863 4 879456231
14 865 4 879456288
14 878 3 879455311
14 888 3 879455473
14 924 2 879455764
14 925 1 879456424
14 926 4 879456381
14 927 1 879456404
14 928 1 879456168
14 929 2 879456381
14 930 1 879456507
14 931 1 879456465
14 932 1 879456447
14 933 4 879456507
14 934 3 879455710
14 935 5 879455889
14 936 4 879455128
14 937 3 879455233
15 0 5 877717833
15 3 5 877726390
15 6 5 877724066
15 7 5 877722736
15 8 5 877722736
15 10 5 877718755
15 11 5 877718168
15 14 5 877722001
15 21 5 877721071
15 26 2 877726390
15 27 5 877727122
15 30 5 877717956
15 32 2 877722001
15 38 5 877720118
15 50 4 877726390
15 54 5 877717956
15 57 4 877720118
15 63 5 877720297
15 65 4 877719075
15 68 5 877724846
15 70 5 877721071
15 75 5 877719863
15 78 5 877727122
15 86 4 877720916
15 88 2 877717833
15 94 5 877728417
15 95 5 877717833
15 97 5 877718107
15 98 5 877720733
15 99 5 877720437
15 108 4 877719333
15 124 3 877726944
15 126 5 877719206
15 133 4 877719158
15 134 4 877720916
15 142 5 877727192
15 150 5 877721905
15 151 4 877728417
15 155 4 877719863
15 157 4 877727280
15 159 4 877722001
15 160 5 877726390
15 163 5 877724438
15 171 5 877724726
15 173 5 877719504
15 177 5 877719333
15 179 5 877726790
15 181 5 877719863
15 182 5 877720733
15 193 5 877720733
15 194 5 877720298
15 196 5 877726146
15 198 5 877719645
15 199 5 877722736
15 201 5 877724726
15 203 5 877722736
15 207 5 877727054
15 208 5 877722736
15 215 5 877722736
15 226 5 877727193
15 227 5 877720733
15 229 5 877720813
15 232 5 877727054
15 233 5 877720185
15 236 5 877719504
15 239 4 877724603
15 272 5 877722736
15 281 5 877718755
15 283 1 877719863
15 285 2 877716993
15 287 3 877717078
15 293 4 877717116
15 299 5 877717078
15 301 5 877716993
15 317 5 877718107
15 320 3 877717116
15 356 5 877720297
15 366 3 877726390
15 384 5 877727192
15 403 5 877728417
15 409 5 877718107
15 417 5 877724727
15 422 5 877721142
15 426 5 877722001
15 442 5 877727055
15 446 5 877724066
15 447 5 877722736
15 466 5 877720733
15 468 3 877720916
15 475 3 877720437
15 478 5 877720436
15 479 5 877720297
15 481 5 877718872
15 495 5 877721905
15 497 5 877719333
15 501 4 877723670
15 508 2 877720118
15 509 4 877727280
15 530 5 877722736
15 545 4 877726944
15 563 1 877726790
15 582 4 877720186
15 590 4 877726944
15 601 5 877719333
15 602 5 877719206
15 605 4 877721071
15 628 4 877720437
15 641 5 877719075
15 653 5 877720298
15 654 5 877724066
15 656 5 877723882
15 660 4 877726789
15 683 5 877719863
15 691 4 877719158
15 692 4 877721905
15 704 5 877722736
15 731 5 877726944
15 734 3 877720186
15 760 2 877727192
15 769 3 877724979
15 811 2 877723882
15 938 4 877717833
15 939 2 877721236
15 940 1 877720437
15 942 3 877719206
15 943 1 877727122
15 944 4 877719158
15 945 5 877724727
15 946 4 877719454
15 947 3 877717397
16 0 4 885272579
16 8 3 885272558
16 12 3 885272654
16 110 3 885272674
16 116 3 885272724
16 124 1 885272538
16 150 4 885272751
16 220 2 885272654
16 221 3 885272751
16 236 2 885272628
16 242 1 885166209
16 244 2 885166209
16 268 4 885165619
16 275 4 885272654
16 474 4 885272520
16 507 3 885272779
16 627 1 885272724
16 743 3 885272606
17 0 5 880130802
17 3 3 880132150
17 5 5 880130764
17 7 5 880130802
17 8 5 880130550
17 11 5 880129991
17 12 5 880131497
17 13 5 880130431
17 14 4 880131054
17 18 3 880130582
17 21 5 880130640
17 22 4 880130065
17 24 3 880131591
17 25 4 880129731
17 27 3 880129527
17 31 2 880132129
17 41 3 880130713
17 44 5 880130739
17 46 3 880131262
17 47 4 880130515
17 49 4 880130155
17 51 5 880130680
17 55 5 880129454
17 56 4 880130930
17 58 4 880132501
17 59 4 880132055
17 60 4 880130803
17 63 5 880132501
17 64 5 880130333
17 65 3 880131728
17 68 3 880129527
17 69 4 880129668
17 70 4 880131236
17 71 3 880132252
17 78 4 880131450
17 80 3 880130890
17 81 3 880131236
17 82 5 880129877
17 85 4 880129731
17 87 3 880130890
17 88 3 880130065
17 90 3 880130393
17 93 3 880131676
17 94 4 880131297
17 96 4 880131525
17 97 5 880129527
17 98 5 880130829
17 99 5 880130065
17 110 3 880131631
17 112 5 880129628
17 115 5 880131358
17 124 3 880131004
17 125 5 880130680
17 126 5 880129668
17 130 4 880131004
17 131 5 880132437
17 132 5 880130713
17 133 5 880129877
17 134 3 880130065
17 135 5 880129421
17 136 5 880132437
17 141 4 880131173
17 142 4 880131474
17 150 3 880131804
17 151 3 880130515
17 152 4 880130551
17 156 3 880131849
17 161 4 880131326
17 164 4 880129527
17 165 4 880129595
17 167 3 880130431
17 168 5 880130252
17 169 5 880130515
17 171 3 880130551
17 173 4 880130613
17 174 4 880130431
17 176 3 880131297
17 177 3 880129628
17 178 4 880129877
17 179 4 880130252
17 180 3 880131631
17 181 4 880130640
17 184 3 880129388
17 185 4 880131699
17 186 5 880130393
17 187 3 880129388
17 188 5 880129816
17 189 4 880130155
17 190 4 880130193
17 192 5 880131358
17 193 3 880129816
17 194 3 880131236
17 196 4 880130109
17 197 3 880130613
17 199 3 880131775
17 201 3 880130515
17 203 3 880131407
17 207 4 880131004
17 208 4 880130861
17 209 5 880131054
17 210 5 880131358
17 211 5 880129990
17 212 5 880131201
17 213 4 880132078
17 214 3 880130930
17 215 4 880129527
17 220 5 880129816
17 222 5 880129731
17 223 5 880130739
17 233 3 880131106
17 235 3 880131077
17 236 3 880129991
17 237 5 880132437
17 240 3 880131525
17 241 5 880129305
17 268 5 880129305
17 274 5 880129421
17 275 5 880130829
17 282 5 880130551
17 283 3 880131804
17 284 5 880130333
17 285 5 880129305
17 286 4 880131144
17 316 5 880131144
17 317 5 880132437
17 318 4 880129305
17 356 4 880129421
17 366 4 880130802
17 377 3 880131804
17 380 4 880131474
17 381 3 880129595
17 385 2 880131986
17 391 3 880130193
17 392 3 880130930
17 401 3 880132225
17 402 3 880132103
17 403 4 880132055
17 407 5 880129628
17 410 3 880131986
17 413 4 880131054
17 415 5 880131144
17 417 3 880130515
17 418 3 880131878
17 422 5 880132437
17 424 3 880130713
17 426 5 880129421
17 427 3 880131325
17 429 4 880130155
17 431 4 880131559
17 433 3 880131297
17 434 4 880130890
17 442 3 880130193
17 450 3 880131297
17 460 4 880130713
17 461 3 880130065
17 462 4 880131143
17 473 4 880129731
17 475 3 880132399
17 477 5 880129691
17 478 4 880129769
17 479 4 880129595
17 481 5 880130582
17 482 4 880129940
17 484 5 880132437
17 485 3 880131559
17 486 4 880129454
17 487 3 880130065
17 488 4 880129769
17 491 4 880131054
17 492 5 880132437
17 495 5 880130470
17 496 4 880131358
17 497 4 880129940
17 503 5 880129940
17 508 4 880129940
17 509 4 880130680
17 511 5 880131407
17 512 4 880129769
17 513 5 880129990
17 514 5 880130155
17 515 5 880130861
17 516 2 880129388
17 518 4 880129991
17 519 4 880129595
17 522 4 880130393
17 523 4 880129816
17 525 4 880131407
17 526 4 880130109
17 527 4 880129489
17 528 5 880130515
17 529 4 880129877
17 548 4 880131173
17 581 5 880131450
17 587 4 880131201
17 601 3 880131407
17 602 3 880129388
17 603 5 880129731
17 608 4 880130713
17 609 4 880130861
17 611 4 880131591
17 612 5 880129769
17 613 4 880130861
17 626 3 880131931
17 628 3 880130515
17 629 3 880132188
17 630 5 880129691
17 632 5 880131358
17 638 4 880131407
17 648 3 880131591
17 653 4 880130110
17 658 4 880129489
17 659 5 880130930
17 662 4 880129454
17 691 3 880130930
17 698 5 880130802
17 701 3 880131407
17 703 3 880131986
17 704 3 880130640
17 706 3 880131450
17 707 3 880129595
17 708 5 880131028
17 713 4 880130334
17 715 5 880131676
17 723 4 880132055
17 728 3 880131236
17 731 3 880131698
17 734 4 880130582
17 735 4 880131028
17 736 3 880132055
17 738 3 880131776
17 746 3 880132225
17 752 4 880129816
17 761 3 880132103
17 774 3 880131878
17 777 2 880131077
17 780 3 880132188
17 791 5 880131106
17 793 3 880131878
17 804 4 880131358
17 844 3 880131236
17 855 5 880131676
17 920 5 880132437
17 922 5 880132501
17 948 3 880131559
17 949 3 880130764
17 950 3 880129595
17 951 2 880130582
17 952 3 880131901
17 953 3 880130640
17 954 4 880130713
17 955 5 880131525
17 956 3 880132188
17 957 5 880129731
17 958 3 880131450
17 959 4 880131004
17 960 3 880131830
17 961 4 880131631
17 962 5 880132437
17 963 3 880132252
17 965 2 880132399
17 966 3 880131901
17 967 3 880130155
17 968 3 880131106
17 969 3 880131591
17 970 4 880131878
17 971 3 880130515
17 972 3 880129595
18 3 4 885412840
18 152 4 885412840
18 200 3 885412839
18 257 4 885411840
18 309 4 885412063
18 312 2 885411792
18 381 3 885412840
18 434 5 885412840
18 654 3 885412723
18 691 3 885412840
19 10 2 879669401
19 14 4 879667937
19 21 5 879669339
19 49 3 879667937
19 81 4 879669697
19 86 5 879669746
19 93 2 879669954
19 97 3 879669547
19 117 4 879668442
19 142 3 879669040
19 147 5 879668713
19 150 3 879668555
19 171 3 879669181
19 173 4 879669087
19 175 2 879669152
19 180 4 879667904
19 185 3 879669040
19 193 3 879669152
19 203 3 879670039
19 207 2 879669401
19 209 4 879669065
19 242 4 879667799
19 273 4 879668248
19 287 1 879667584
19 322 4 879667684
19 356 1 879669244
19 377 3 879669630
19 404 3 879668555
19 422 2 879669313
19 495 5 879669244
19 497 3 879669001
19 587 4 879669120
19 632 4 879668979
19 677 4 879667684
19 762 1 879668476
19 819 2 879668626
19 865 1 879668583
19 933 4 879668783
20 0 5 874951244
20 4 2 874951761
20 6 5 874951292
20 8 5 874951188
20 14 4 874951188
20 16 4 874951695
20 49 3 874951131
20 52 4 874951820
20 55 5 874951658
20 99 5 874951292
20 102 1 874951245
20 105 2 874951447
20 117 1 874951382
20 120 1 874951416
20 122 4 874951382
20 126 5 874951188
20 128 4 874951382
20 144 1 874951761
20 147 1 874951482
20 163 5 874951695
20 184 5 874951658
20 199 5 874951695
20 200 5 874951658
20 216 3 874951727
20 217 4 874951696
20 218 5 874951797
20 221 2 874951382
20 233 5 874951657
20 239 4 874951245
20 241 3 874951617
20 242 2 874951039
20 243 4 874951349
20 244 1 874951006
20 257 4 874950889
20 258 2 874951005
20 259 2 874950972
20 260 1 874951006
20 261 4 874950931
20 262 1 874951040
20 263 3 874950972
20 272 4 874951349
20 280 2 874951416
20 285 3 874950889
20 287 3 874950932
20 288 3 874950972
20 290 3 874951446
20 291 3 874950889
20 293 3 874951616
20 294 3 874951349
20 299 3 874950889
20 300 4 874951054
20 318 2 874950889
20 319 3 874951658
20 320 3 874950972
20 321 3 874951005
20 322 2 874950972
20 323 4 874950889
20 324 4 874950931
20 325 5 874950889
20 326 3 874950932
20 327 3 874951005
20 329 4 874951040
20 357 3 874951616
20 369 1 874951293
20 378 3 874951820
20 395 2 874951798
20 405 1 874951293
20 407 5 874951188
20 412 2 874951293
20 423 1 874951293
20 435 4 874951858
20 436 1 874951858
20 437 1 874951858
20 438 1 874951820
20 439 1 874951798
20 440 3 874951761
20 442 4 874951761
20 443 3 874951859
20 444 3 874951658
20 446 5 874951695
20 447 4 874951727
20 451 4 874951727
20 452 2 874951797
20 472 3 874951245
20 546 2 874951292
20 550 3 874951898
20 557 5 874951695
20 558 1 874951761
20 560 1 874951761
20 562 2 874951898
20 563 3 874951797
20 564 3 874951898
20 566 2 874951858
20 568 3 874951820
20 572 2 874951898
20 590 3 874951382
20 594 3 874951617
20 618 2 874951416
20 627 3 874951616
20 634 4 874951727
20 636 4 874951695
20 655 5 874951797
20 664 3 874951858
20 667 1 874951761
20 668 1 874951761
20 669 3 874951696
20 670 5 874951657
20 671 3 874951727
20 673 2 874951897
20 674 5 874951897
20 677 2 874951005
20 679 1 874950972
20 686 2 874951005
20 687 1 874950972
20 695 2 874951382
20 705 2 874951695
20 716 1 874951483
20 740 3 874951382
20 747 1 874950889
20 757 1 874951314
20 759 1 874951293
20 766 1 874951314
20 768 1 874951916
20 772 3 874951797
20 773 2 874951898
20 799 1 874951727
20 815 1 874951898
20 816 3 874951695
20 819 3 874951616
20 833 1 874951293
20 843 4 874951292
20 852 5 874951658
20 853 5 874951657
20 857 1 874951858
20 858 2 874951859
20 859 2 874951727
20 871 2 874950889
20 872 2 874950932
20 873 2 874951005
20 874 4 874951005
20 875 2 874950932
20 876 2 874950972
20 877 2 874951039
20 924 2 874951447
20 929 1 874951482
20 930 2 874951446
20 947 1 874951054
20 973 3 874951416
20 974 3 874951447
20 975 1 874951483
20 976 2 874951416
20 977 1 874951483
20 978 2 874951416
20 979 2 874951349
20 980 2 874951382
20 981 1 874951482
20 982 2 874951416
20 983 1 874951040
20 984 2 874951349
20 985 1 874951482
20 986 3 874951616
20 987 1 874951005
20 988 3 874951039
20 989 2 874951039
20 990 2 874951039
20 991 2 874951349
20 992 4 874951245
20 993 2 874951104
20 994 2 874950932
21 1 2 878887925
21 3 5 878886571
21 16 4 878886682
21 20 4 878886750
21 23 5 878888026
21 28 1 878888228
21 49 5 878887765
21 52 3 878888107
21 61 4 878887925
21 67 4 878887925
21 78 4 878887765
21 79 4 878887227
21 84 5 878886989
21 88 5 878887680
21 93 3 878887277
21 104 1 878887347
21 108 4 878886710
21 109 1 878887157
21 116 4 878887869
21 117 4 878887983
21 120 3 878887925
21 126 5 878887869
21 127 5 878887983
21 143 5 878887680
21 152 5 878886423
21 153 4 878886423
21 160 4 878887925
21 162 1 878886845
21 166 3 878887023
21 167 5 878886517
21 171 4 878887680
21 173 5 878887765
21 174 4 878886682
21 175 5 878887765
21 180 5 878887765
21 183 5 878887869
21 186 5 878887680
21 193 5 878886607
21 194 4 878887810
21 200 4 878886449
21 201 5 878886480
21 203 5 878886607
21 207 5 878886607
21 208 4 878886518
21 209 3 878886479
21 210 3 878886518
21 215 4 878886682
21 221 4 878887925
21 225 4 878888145
21 227 4 878887810
21 228 2 878887925
21 229 4 878888026
21 230 2 878887983
21 232 3 878888066
21 237 5 878886423
21 240 3 878888025
21 249 5 878888251
21 257 5 878886261
21 264 3 878888066
21 289 5 878886607
21 357 5 878887443
21 366 1 878886571
21 375 3 878887112
21 376 1 878887116
21 383 3 878887413
21 384 4 878887869
21 385 3 878887347
21 392 4 878886989
21 402 5 878887810
21 404 1 878888067
21 406 3 878886845
21 410 1 878887277
21 429 4 878886607
21 430 4 878888026
21 434 5 878886682
21 448 1 878888145
21 450 4 878887062
21 454 5 878886479
21 501 4 878886647
21 509 5 878887765
21 510 4 878887983
21 514 5 878887869
21 522 5 878886845
21 525 4 878888026
21 545 3 878888107
21 549 5 878888184
21 553 1 878888066
21 565 3 878888145
21 567 4 878887810
21 635 3 878888106
21 647 4 878886647
21 650 4 878887810
21 664 1 878888145
21 682 1 878886307
21 683 3 878887983
21 687 1 878886307
21 691 4 878886480
21 711 4 878887186
21 730 3 878887116
21 731 4 878886710
21 790 1 878887227
21 791 4 878886647
21 839 4 878888184
21 861 1 878886845
21 870 3 878886750
21 877 1 878887598
21 925 1 878887062
21 931 1 878887277
21 947 1 878887553
21 987 1 878887116
21 995 1 878887158
21 996 1 878887377
21 997 1 878886571
21 998 4 878886902
21 999 3 878886333
21 1000 1 878886647
21 1001 1 878887186
21 1002 1 878887277
22 0 5 874784615
22 6 4 874784385
22 7 4 874785474
22 12 4 874784497
22 13 4 874784440
22 18 4 874784466
22 27 3 874786793
22 31 3 874785809
22 49 4 874784440
22 54 4 874785624
22 55 4 874785233
22 58 4 874785526
22 61 3 874786880
22 69 2 874786513
22 70 3 874789299
22 72 3 874787016
22 78 4 874785957
22 81 3 874787449
22 88 5 874785582
22 90 4 884550049
22 94 4 874786220
22 95 4 874785551
22 97 5 874786016
22 98 4 874786098
22 99 5 874784557
22 101 3 874785957
22 108 3 874784466
22 115 5 874784466
22 123 5 874784440
22 130 4 884550021
22 131 4 874785756
22 132 4 874786220
22 133 4 874786098
22 142 3 874786066
22 143 3 874785926
22 144 3 874786244
22 150 3 874784668
22 152 4 874786438
22 153 3 874785552
22 154 3 874787059
22 155 3 877817091
22 160 2 874787017
22 161 3 874786950
22 169 4 874785348
22 170 5 874785809
22 171 4 874785889
22 172 5 874787587
22 173 4 874785652
22 174 5 874785526
22 175 3 874785843
22 176 4 884550003
22 180 4 874784337
22 184 4 874785756
22 187 3 877817151
22 188 5 874785985
22 190 3 877817113
22 193 4 874786016
22 194 4 874786993
22 195 2 874786926
22 201 3 874785165
22 202 4 874786746
22 203 3 874786122
22 208 5 874785843
22 210 4 874786512
22 213 3 874785701
22 215 4 874787204
22 216 2 874787144
22 218 1 874788187
22 221 4 876785704
22 223 5 874784638
22 226 3 874787738
22 227 4 874785582
22 228 3 874787162
22 229 4 874785809
22 233 2 874785624
22 234 1 874784712
22 237 5 874785526
22 249 4 874784338
22 256 3 890276940
22 257 5 876785704
22 268 5 877817151
22 274 5 874785474
22 282 4 874784575
22 293 1 876785901
22 314 3 884550320
22 322 2 874784266
22 356 3 874785233
22 366 4 874785957
22 379 5 874787774
22 380 4 874787350
22 384 4 874786462
22 385 4 874789001
22 386 3 874786098
22 403 4 874787860
22 404 4 874784638
22 407 5 874784538
22 413 3 874785526
22 417 4 874786037
22 418 3 874787204
22 420 5 874786770
22 422 3 874786488
22 426 5 874789279
22 431 4 884550048
22 432 5 874785233
22 448 2 874787083
22 450 2 874787256
22 462 4 874785843
22 471 2 874784972
22 478 5 874785728
22 503 4 874785624
22 511 5 874785843
22 517 5 874785194
22 521 4 874785447
22 525 3 874787116
22 526 4 874785926
22 529 4 874789279
22 540 4 876785720
22 545 3 874784668
22 548 3 874788290
22 587 4 884550021
22 596 3 874785024
22 602 4 874785448
22 628 4 874786098
22 641 3 874785843
22 651 4 874785926
22 654 3 874787330
22 661 3 874788045
22 678 3 874788443
22 693 4 884550049
22 704 4 874785526
22 709 4 874785889
22 712 4 874784337
22 738 2 874787861
22 746 3 874786903
22 779 1 874788388
22 855 4 874787288
22 918 5 874784440
22 960 5 874785165
22 1003 3 874788318
22 1004 3 874787647
22 1005 3 874785809
23 6 4 875323676
23 7 5 875323002
23 8 5 875323745
23 10 5 875323100
23 11 5 875323711
23 40 5 875323594
23 54 5 875323308
23 57 3 875323745
23 63 5 875322758
23 68 5 875323051
23 70 5 875323833
23 78 4 875322796
23 91 5 875323241
23 96 4 875323193
23 97 5 875323401
23 99 5 875323637
23 108 3 875322848
23 116 4 875246216
23 126 5 875323879
23 128 3 875246185
23 131 3 875323274
23 150 5 875322848
23 152 4 875323368
23 172 5 875323474
23 175 5 875323595
23 179 5 875322847
23 190 5 875323003
23 199 5 875323440
23 215 4 875323745
23 222 5 875322727
23 236 4 875323002
23 237 5 875323274
23 248 4 875246216
23 275 5 875322951
23 287 3 875245985
23 288 3 875245985
23 299 4 875245985
23 323 5 875322875
23 356 5 875323100
23 357 3 875246012
23 366 2 875323241
23 371 4 875323553
23 401 4 875323308
23 420 5 875323712
23 426 5 875323002
23 474 4 875246216
23 485 3 875322908
23 517 4 875323552
23 581 4 875323368
23 654 5 875323915
23 661 5 875323440
23 698 3 875323051
23 726 3 875322727
23 728 5 875323475
23 741 4 875323915
23 762 5 875322875
23 918 3 875246185
23 1006 5 875322758
24 0 5 885853415
24 6 4 885853155
24 7 4 885852150
24 12 4 885852381
24 22 4 885852529
24 24 5 885853415
24 49 5 885852150
24 78 4 885852757
24 81 4 885852150
24 85 4 885852248
24 97 5 885853415
24 113 5 885852218
24 115 4 885853335
24 120 4 885853030
24 124 5 885852817
24 130 4 885852611
24 132 3 885852381
24 133 4 885852008
24 134 3 885852059
24 140 4 885852720
24 142 3 885852529
24 150 4 885853335
24 168 5 885852301
24 172 4 885852969
24 175 4 885852862
24 176 3 885852488
24 180 5 885853415
24 182 4 885852008
24 185 4 885852569
24 188 5 885852488
24 194 4 885852008
24 196 3 885852059
24 203 5 885853415
24 207 4 885852337
24 221 4 885852817
24 227 4 885852920
24 237 4 885852757
24 238 4 885853415
24 256 4 885853415
24 257 5 885853199
24 264 4 885853415
24 274 4 885853335
24 356 4 885852757
24 403 3 885852920
24 407 5 885852920
24 418 4 885852218
24 426 4 885852059
24 429 4 885852920
24 431 2 885852443
24 462 4 885852529
24 473 4 885852008
24 478 5 885852569
24 494 4 885852862
24 500 3 885852301
24 519 3 885852150
24 526 4 885852248
24 567 4 885852529
24 603 4 885852008
24 611 4 885852120
24 614 5 885852611
24 632 4 885852301
24 654 4 885852248
24 656 4 885852720
24 691 4 885852656
24 836 4 885852611
24 928 4 885852178
24 967 4 885852218
24 968 3 885852059
25 0 3 891350625
25 12 3 891373086
25 13 3 891371505
25 14 4 891386369
25 23 3 891377540
25 24 3 891373727
25 49 4 891386368
25 108 3 891376987
25 110 3 891371437
25 115 2 891352941
25 116 3 891351590
25 117 3 891385691
25 120 3 891377540
25 121 1 891380200
25 124 4 891371676
25 125 4 891371676
25 126 5 891386368
25 128 4 891350566
25 147 3 891377540
25 149 3 891350750
25 150 3 891372429
25 180 4 891386369
25 221 3 891371369
25 234 2 891372429
25 236 3 891351590
25 239 3 891377468
25 245 4 891351590
25 247 3 891377468
25 248 2 891377609
25 249 3 891350826
25 251 3 891385569
25 254 3 891377609
25 257 3 891347949
25 270 3 891348070
25 273 3 891385634
25 275 4 891386369
25 281 4 891373086
25 282 3 891371437
25 283 3 891371505
25 287 4 891347477
25 290 3 891379753
25 291 3 891347400
25 292 3 891371369
25 293 3 891348192
25 297 3 891371505
25 299 4 891347537
25 301 5 891386368
25 303 4 891348011
25 312 5 891386368
25 314 3 891347400
25 315 3 891349122
25 321 3 891349122
25 322 2 891349184
25 327 2 891348011
25 332 3 891348192
25 368 2 891379664
25 404 2 891376986
25 409 2 891373086
25 412 2 891386049
25 454 3 891371506
25 455 1 891386174
25 457 3 891352941
25 470 2 891371676
25 474 3 891350826
25 475 3 891384414
25 514 4 891352940
25 545 2 891371676
25 590 3 891351590
25 596 2 891379753
25 627 3 891372429
25 677 2 891349122
25 682 3 891350372
25 684 3 891371676
25 741 3 891352492
25 747 1 891348192
25 749 4 891347478
25 750 4 891347477
25 759 1 891383899
25 814 2 891371597
25 830 2 891379753
25 839 2 891386049
25 840 2 891380200
25 844 3 891377468
25 870 2 891379664
25 925 2 891385692
25 929 2 891385985
25 935 4 891352136
25 978 3 891383899
25 1007 3 891377609
25 1008 2 891384478
25 1009 2 891377609
25 1010 3 891371597
25 1011 4 891386369
25 1012 1 891383836
25 1013 3 891384414
25 1014 3 891352136
25 1015 3 891377609
26 8 4 891542942
26 120 4 891543191
26 122 5 891543191
26 245 4 891542897
26 280 3 891543164
26 287 3 891543129
26 297 4 891543164
26 369 4 891543245
26 474 2 891542942
26 595 2 891542987
26 741 3 891543129
26 924 3 891543245
26 929 2 891543222
26 977 2 891543222
26 1016 4 891542897
27 4 3 881961600
27 6 5 881961531
27 10 4 881956144
27 27 4 881956853
27 30 4 881956082
27 55 5 881957479
27 69 4 881961311
27 78 4 881961003
27 88 4 881961104
27 94 3 881956917
27 95 5 881957250
27 97 5 881961531
27 116 4 881957002
27 142 4 881956564
27 144 3 881961904
27 163 4 881960945
27 172 3 881956220
27 175 5 881956445
27 184 5 881957002
27 194 4 881957250
27 195 4 881956081
27 199 2 881961671
27 200 3 881961671
27 208 4 881961214
27 216 3 881961671
27 217 3 881961601
27 218 5 881961728
27 221 5 881961393
27 222 5 882826496
27 226 4 881961393
27 227 5 881961393
27 228 2 881961393
27 229 4 881961393
27 233 4 881956144
27 257 5 881955018
27 270 4 881955281
27 285 3 881955018
27 287 5 882826398
27 293 3 881954915
27 321 2 881955343
27 322 3 882826593
27 331 2 881954915
27 379 4 881961394
27 422 2 881956564
27 428 5 881960794
27 433 4 881961104
27 435 5 881961601
27 442 4 881961671
27 443 3 881961728
27 446 3 881961532
27 447 4 881961600
27 448 2 881961394
27 449 1 881961394
27 478 4 881961157
27 528 4 881957310
27 566 4 881961782
27 567 4 881957147
27 572 4 881961842
27 587 3 881957425
27 602 3 881957090
27 608 3 881956220
27 645 4 881961003
27 664 3 881961782
27 669 4 881961600
27 671 3 881961728
27 677 2 882826550
27 759 3 882826399
27 799 4 881961904
27 858 3 881961842
28 11 5 882821989
28 78 4 882821989
28 97 4 882821942
28 179 4 882821989
28 181 4 882821989
28 188 4 882821942
28 244 3 882820803
28 263 3 882820897
28 267 5 882820686
28 302 4 882820686
28 305 4 882820730
28 311 4 882821705
28 325 2 882820869
28 331 4 882820869
28 357 2 882821044
28 538 2 882821044
28 656 4 882821942
28 660 5 882821942
28 677 3 882821582
28 688 2 882821705
28 747 2 882821558
28 878 3 882821161
28 1017 4 882821989
28 1018 4 882821989
29 1 3 875061066
29 28 3 875106638
29 49 3 875061066
29 68 5 885941156
29 81 4 875060217
29 134 5 885941156
29 160 4 875060883
29 163 4 875060217
29 171 4 875060742
29 173 5 885941156
29 180 4 875060217
29 251 3 875140740
29 254 4 875059984
29 256 4 885941257
29 258 4 875058280
29 285 5 885941156
29 288 2 876847817
29 303 4 875988548
29 312 5 885941156
29 314 4 885941412
29 318 4 875060217
29 320 4 875988547
29 402 2 875061066
29 434 5 885941156
29 538 3 885941454
29 677 2 885942002
29 682 3 885941798
29 687 3 885941492
29 750 3 884310551
29 779 4 875060217
29 872 1 875061066
29 891 4 884310496
29 1006 5 885941156
30 134 4 881548030
30 135 5 881548030
30 152 4 881548110
30 191 4 881548054
30 261 5 881547766
30 270 4 881547854
30 298 4 881547814
30 301 4 881547719
30 302 3 881547719
30 305 3 881547814
30 320 4 881547746
30 327 2 881547746
30 483 5 881548030
30 492 5 881548110
30 497 4 881548111
30 503 5 881548110
30 518 4 881548053
30 610 4 881548111
30 681 2 881547834
30 704 5 881548110
30 810 4 881548053
30 885 2 881547877
30 1018 5 881548082
30 1019 3 881548030
30 1020 3 881548082
30 1021 5 881547814
31 6 4 883717766
31 8 3 883717747
31 49 4 883717521
31 110 3 883717986
31 116 3 883717555
31 150 3 883717850
31 180 4 883717628
31 221 3 883717600
31 239 2 883717967
31 245 4 883717521
31 247 4 883717816
31 248 4 883717645
31 249 4 883717684
31 267 5 883709797
31 270 3 883709953
31 275 4 883717913
31 287 4 883709915
31 289 3 883717913
31 293 3 883709863
31 297 5 883717581
31 306 2 883709915
31 312 4 883709840
31 404 4 883718008
31 407 3 883717684
31 454 2 883717796
31 474 5 883717766
31 590 3 883717581
31 627 4 883718121
31 741 3 883717628
31 1011 4 883717581
31 1022 3 883717913
32 257 4 891964066
32 287 4 891964066
32 291 4 891964244
32 299 4 891964131
32 306 3 891964148
32 312 5 891963290
32 327 4 891964187
32 328 4 891964326
32 332 4 891964259
32 342 4 891964344
32 750 4 891964188
32 871 3 891964230
32 879 3 891964230
32 894 3 891964187
33 241 5 888601628
33 244 4 888602923
33 258 2 888602808
33 285 5 888602513
33 298 5 888602923
33 309 4 888601628
33 311 4 888602742
33 328 5 888602808
33 331 5 888602742
33 689 4 888602513
34 241 2 875459166
34 242 2 875459046
34 258 4 875459017
34 260 3 875459046
34 263 2 875459099
34 265 3 875458941
34 299 5 875458970
34 320 3 875458970
34 321 3 875459017
34 325 3 875459017
34 331 4 875459237
34 679 4 875459099
34 876 2 875459099
34 880 2 875459127
34 1024 3 875459237
35 267 2 882157418
35 268 3 882157258
35 306 4 882157227
35 318 2 882157356
35 338 5 882157581
35 681 1 882157386
35 747 4 882157285
35 881 5 882157581
35 882 5 882157581
35 884 5 882157581
36 6 4 880915528
36 26 4 880915942
36 49 5 880915838
36 54 3 880915942
36 55 5 880915810
36 61 5 880916070
36 67 5 880915902
36 78 4 880915810
36 81 1 880915942
36 88 4 880930072
36 91 4 880930072
36 95 4 880915810
36 116 4 880915674
36 117 2 880915633
36 120 2 880915528
36 126 4 880930071
36 146 3 880915749
36 171 4 880930072
36 173 5 880915810
36 182 4 880930042
36 209 4 880915810
36 221 3 880915528
36 225 5 880916010
36 229 4 880915942
36 230 2 880916046
36 232 4 880916046
36 272 3 880915528
36 287 4 880915258
36 384 4 880915902
36 402 5 880915942
36 404 4 880915565
36 471 2 880915711
36 539 2 880916070
36 545 3 880915565
36 549 4 880915902
36 565 4 880916010
36 567 3 880915942
36 577 3 880916010
36 664 3 880916046
36 684 3 880915528
36 824 2 880915565
36 826 3 880915607
36 830 2 880915607
36 832 4 880915565
36 840 3 880915711
36 929 3 880915711
36 1026 3 880930072
37 0 5 892430636
37 21 5 892429347
37 27 4 892429399
37 34 5 892433801
37 66 4 892434312
37 68 5 892430486
37 69 5 892432424
37 70 5 892430516
37 77 5 892433062
37 78 3 892430309
37 81 5 892429903
37 83 5 892430937
37 87 5 892430695
37 93 5 892432030
37 94 5 892430094
37 96 5 892430369
37 98 5 892430829
37 104 3 892434217
37 111 5 892432751
37 117 5 892431151
37 126 2 892429460
37 132 2 892429873
37 138 2 892432786
37 139 5 892430309
37 143 5 892430369
37 144 1 892433062
37 152 5 892430369
37 154 5 892432090
37 160 5 892432062
37 161 5 892431727
37 184 2 892432573
37 187 2 892431953
37 194 1 892429952
37 199 5 892432180
37 201 2 892431665
37 210 1 892431907
37 217 3 892431871
37 224 5 892433062
37 225 1 892431513
37 233 5 892431607
37 242 3 892429095
37 246 5 892429460
37 251 5 892429567
37 256 1 892429512
37 258 3 892428754
37 287 5 892428188
37 293 5 892428584
37 312 5 892428216
37 325 5 892428688
37 327 4 892428688
37 355 2 892430309
37 382 2 892433801
37 388 5 892433660
37 391 5 892430120
37 392 5 892430282
37 394 3 892434164
37 399 1 892434036
37 400 3 892434585
37 401 5 892430539
37 403 5 892431586
37 404 5 892432205
37 405 2 892434251
37 408 5 892433135
37 409 3 892432750
37 410 3 892433290
37 412 1 892434626
37 417 5 892431026
37 418 5 892429347
37 419 5 892429347
37 423 3 892432624
37 431 1 892430282
37 432 5 892433771
37 443 1 892433912
37 444 2 892429399
37 446 5 892434430
37 449 1 892432624
37 450 5 892431727
37 451 5 892434523
37 464 5 892432476
37 500 5 892429801
37 525 1 892430636
37 549 2 892432786
37 572 1 892433660
37 587 5 892429225
37 589 1 892434373
37 615 3 892433375
37 626 5 892431586
37 636 2 892434452
37 672 5 892432062
37 677 5 892428658
37 678 5 892432062
37 680 5 892429065
37 716 1 892433945
37 719 5 892432424
37 741 5 892430001
37 757 1 892434626
37 767 5 892433062
37 779 4 892434217
37 915 5 892428188
37 939 1 892434742
37 1013 5 892429542
37 1015 5 892429542
37 1027 5 892432624
37 1028 1 892434626
37 1030 5 892433801
37 1031 4 892432624
37 1032 5 892432531
37 1033 1 892433062
37 1034 5 892431907
37 1035 4 892433704
37 1036 4 892434283
38 257 4 891400280
38 299 3 891400280
38 301 5 891400188
38 305 3 891400342
38 312 4 891400159
38 314 4 891400094
38 318 4 891400094
38 332 4 891400214
38 344 3 891400159
38 346 4 891400704
38 351 5 891400704
38 899 3 891400159
39 241 4 889041330
39 242 2 889041694
39 257 3 889041981
39 258 2 889041643
39 267 4 889041430
39 269 3 889041477
39 270 2 889041523
39 271 2 889041283
39 299 3 889041523
39 301 3 889041283
39 302 4 889041283
39 309 3 889041283
39 315 3 889041643
39 320 4 889041523
39 327 3 889041595
39 332 4 889041402
39 339 2 889041454
39 342 1 889041790
39 344 4 889041670
39 345 2 889041358
39 357 3 889041741
39 753 4 889041790
39 875 3 889041694
39 879 3 889041643
39 1037 1 889041741
40 27 4 890687353
40 30 3 890687473
40 49 5 890687066
40 55 4 890687472
40 57 3 890687353
40 95 4 890687019
40 96 3 890687665
40 97 4 890687374
40 134 4 890687473
40 151 4 890687326
40 155 4 890687304
40 167 5 890687304
40 169 4 890687713
40 172 4 890687549
40 174 5 890687526
40 179 5 890687019
40 187 4 890687571
40 190 4 890687473
40 193 3 890687242
40 194 4 890687042
40 195 3 890687593
40 201 2 890687326
40 204 4 890687353
40 215 3 890687571
40 237 5 890687472
40 264 3 890687042
40 275 2 890687304
40 285 4 890685449
40 312 3 890685449
40 317 4 890687353
40 356 4 890687175
40 413 4 890687550
40 429 5 890692860
40 434 3 890687550
40 473 5 890687066
40 485 4 890687305
40 513 4 890687042
40 515 5 890687242
40 745 3 890687019
40 750 4 890686872
40 968 4 890687438
40 1038 3 890687642
41 0 5 881105633
41 1 5 881109271
41 11 4 881107502
41 14 4 881105633
41 24 3 881110670
41 27 5 881108187
41 37 3 881109148
41 42 2 881109325
41 43 3 881108548
41 47 5 881107821
41 49 5 881107178
41 53 4 881108982
41 57 5 881108040
41 62 4 881108873
41 63 5 881106711
41 65 4 881108280
41 69 3 881109148
41 70 4 881108229
41 71 3 881108229
41 72 4 881108484
41 76 5 881108684
41 78 5 881108040
41 81 4 881107449
41 82 4 881108093
41 85 3 881107880
41 86 4 881107576
41 87 5 881108425
41 94 5 881107220
41 95 5 881107178
41 96 3 881107502
41 98 5 881108346
41 101 5 881108873
41 102 3 881106162
41 110 1 881105931
41 117 4 881105505
41 120 4 881110578
41 124 4 881105462
41 130 2 881108548
41 131 5 881107502
41 134 4 881109148
41 135 4 881107329
41 140 3 881109059
41 141 4 881109271
41 142 4 881108229
41 150 4 881110578
41 160 4 881108229
41 167 3 881107773
41 171 5 881107220
41 172 5 881107220
41 173 5 881106711
41 174 2 881107687
41 180 5 881107291
41 182 4 881107821
41 193 5 881107329
41 195 5 881107718
41 201 5 881107687
41 202 4 881107413
41 203 5 881107821
41 209 5 881108633
41 210 4 881107880
41 214 5 881107413
41 215 5 881108147
41 218 1 881109324
41 221 4 881105882
41 226 4 881109060
41 227 4 881107538
41 228 4 881108684
41 229 5 881109148
41 233 4 881108093
41 236 4 881105882
41 238 5 881108187
41 264 3 881107989
41 272 3 881105817
41 273 5 881105817
41 275 1 881105405
41 279 4 881106270
41 280 3 881105728
41 281 4 881105677
41 282 3 881110483
41 283 3 881105581
41 289 3 881106072
41 293 4 881105296
41 317 5 881107718
41 356 5 881107687
41 366 2 881109149
41 368 4 881105931
41 370 4 881108760
41 379 4 881108548
41 384 5 881108147
41 386 3 881108760
41 401 5 881108982
41 402 3 881108684
41 403 5 881108760
41 404 4 881105541
41 408 3 881106270
41 409 3 881110483
41 410 4 881106317
41 412 1 881106072
41 417 5 881108147
41 418 5 881107178
41 422 5 881107687
41 426 4 881107773
41 427 3 881108040
41 431 3 881108147
41 432 2 881108760
41 442 3 881108093
41 450 2 881108982
41 455 3 881106113
41 461 2 881108093
41 466 3 881108425
41 467 4 881108346
41 468 4 881109324
41 470 4 881105505
41 478 4 881108147
41 490 3 881106711
41 495 5 881107718
41 500 5 881108345
41 505 3 881108760
41 520 2 881107989
41 522 5 881107375
41 545 3 881105817
41 558 2 881109271
41 565 5 881107821
41 567 4 881107256
41 581 3 881108928
41 587 5 881108147
41 590 4 881110138
41 594 1 881106582
41 605 3 881107538
41 624 3 881108873
41 626 2 881109271
41 654 3 881107642
41 657 2 881107502
41 659 3 881108484
41 678 2 881108548
41 691 4 881107773
41 719 4 881109149
41 728 3 881108345
41 731 5 881108346
41 734 4 881108548
41 735 5 881108187
41 741 4 881105581
41 745 3 881108279
41 754 4 881108425
41 755 5 881106420
41 780 4 881108280
41 784 4 881109060
41 793 3 881108425
41 825 3 881106419
41 833 1 881110763
41 844 5 881110719
41 865 4 881105972
41 923 3 881105677
41 924 4 881106113
41 925 3 881105766
41 933 4 881106419
41 938 4 881108484
41 940 4 881109060
41 968 5 881107687
41 976 2 881106541
41 998 4 881108982
41 1027 4 881106072
41 1039 3 881106270
41 1041 3 881109325
41 1042 2 881108633
41 1043 4 881109271
41 1044 2 881108873
41 1045 3 881108760
41 1046 4 881106419
41 1047 1 881106220
41 1048 3 881105882
41 1049 3 881107538
41 1050 4 881106270
42 0 5 875975579
42 2 2 884029543
42 3 4 875981421
42 4 4 875981421
42 6 4 875975520
42 7 4 875975717
42 8 4 875975656
42 10 5 875981365
42 11 5 883955048
42 13 2 883955745
42 14 5 875975546
42 16 3 883956417
42 24 5 875975656
42 27 4 875981452
42 39 3 883956468
42 46 1 883955415
42 48 4 883956387
42 49 4 875975211
42 50 1 883956562
42 53 3 883956494
42 55 5 875975687
42 57 3 883955859
42 62 3 883956353
42 68 4 875981421
42 69 4 883955048
42 70 4 883955675
42 72 4 883956099
42 76 3 883955650
42 78 4 875981335
42 81 4 883955498
42 85 4 883955020
42 87 5 883955702
42 90 3 883956260
42 94 4 875975687
42 96 5 883955293
42 97 5 875981220
42 99 4 875975656
42 101 4 875981483
42 110 4 883955745
42 116 4 883954853
42 117 4 883955546
42 119 4 884029430
42 120 4 883955907
42 121 2 884029709
42 122 1 875975520
42 123 4 891294050
42 126 4 875981304
42 130 3 883954997
42 132 4 875981483
42 136 4 875975656
42 139 4 883955110
42 142 4 883955247
42 143 4 883955415
42 150 4 875975613
42 152 5 883955135
42 154 4 883956518
42 160 4 883955467
42 167 4 875981159
42 168 5 875981128
42 171 4 883955135
42 172 5 875981190
42 173 4 875975687
42 174 2 875981304
42 180 4 875975211
42 185 3 875981335
42 188 5 875981220
42 190 5 875981247
42 195 4 875981190
42 201 5 875981190
42 202 4 883955224
42 203 4 883956122
42 207 5 883955547
42 209 5 883955467
42 210 4 883955785
42 214 5 883955467
42 215 5 875981128
42 216 2 883955930
42 221 4 883955547
42 224 2 875975579
42 225 3 883956442
42 230 4 883955995
42 234 3 875975520
42 236 4 875975579
42 237 2 883955160
42 240 4 883955441
42 247 4 875975237
42 249 2 875975383
42 251 4 875975363
42 253 3 875975323
42 256 4 875975276
42 257 5 875975028
42 268 5 888177393
42 270 3 880317103
42 271 5 883953545
42 273 5 883955441
42 274 4 875975546
42 275 4 883954876
42 276 1 883955498
42 277 3 884029259
42 279 3 883955806
42 282 2 883955415
42 284 4 875975468
42 285 4 875975028
42 288 4 875975085
42 289 4 884029192
42 290 3 883955995
42 293 5 875975061
42 297 4 875975211
42 299 5 875975135
42 300 5 875975135
42 301 4 887731794
42 311 4 883953502
42 312 5 887076865
42 314 4 883953665
42 315 5 892349752
42 316 2 883955319
42 317 5 875975717
42 320 3 875975061
42 322 3 875975110
42 327 4 875975061
42 335 4 880317271
42 346 3 888177393
42 353 4 891293957
42 366 4 883956494
42 370 4 883955269
42 381 5 883955702
42 384 5 883955387
42 392 4 883956417
42 401 4 883956283
42 402 4 883956305
42 404 4 883956122
42 407 5 875975492
42 408 3 884029493
42 410 3 884029519
42 417 4 883955387
42 420 3 883954853
42 422 4 883955498
42 431 3 875981421
42 470 3 883955319
42 472 3 884029309
42 478 4 875981365
42 481 4 875981421
42 485 4 883955969
42 490 4 883954997
42 495 5 883955605
42 497 5 875981275
42 500 4 883955605
42 515 5 875981452
42 530 4 883955160
42 538 3 883953716
42 541 3 883956518
42 545 4 875975613
42 549 3 883956040
42 558 1 883956468
42 565 3 883955969
42 567 4 883955363
42 579 3 883956417
42 580 3 883956468
42 587 4 883955745
42 590 5 875975656
42 595 3 883955650
42 596 3 883956229
42 624 4 883956146
42 627 3 875975580
42 647 5 883955293
42 659 4 883955859
42 683 4 883955702
42 685 3 883955884
42 691 5 883955884
42 698 4 883956040
42 704 4 883954970
42 723 4 875981390
42 728 4 883956387
42 730 4 875981190
42 731 4 883955498
42 734 4 875981275
42 741 5 883955650
42 746 4 883956169
42 750 2 883954803
42 754 3 883956075
42 755 3 884029519
42 777 5 883955363
42 780 3 883956494
42 784 3 883956538
42 791 1 883954876
42 814 4 883956189
42 844 5 883955547
42 846 5 875975468
42 865 4 883956417
42 878 4 876159838
42 891 3 883954776
42 925 2 875975613
42 930 1 884029742
42 938 3 883955547
42 943 2 883956260
42 945 4 883955247
42 949 3 883956417
42 950 3 883955969
42 955 1 883956259
42 965 4 883955498
42 968 5 875981159
42 992 3 875975211
42 1022 3 875975323
42 1034 4 883955745
42 1046 3 883956387
42 1047 3 883956260
42 1051 1 892350297
42 1052 3 883955859
42 1053 3 884029658
42 1054 2 883955969
42 1055 3 883955498
43 0 4 878341315
43 4 4 878347598
43 6 5 878341246
43 8 5 878341196
43 10 3 878347915
43 14 4 878341343
43 20 2 878346789
43 21 4 878347942
43 23 3 878346575
43 24 2 878346431
43 30 4 878348998
43 49 5 878341246
43 54 4 878347455
43 63 5 878347915
43 66 3 878348111
43 68 4 878347711
43 70 3 878347633
43 80 4 878348499
43 81 4 878348885
43 86 5 878347742
43 87 2 878348885
43 88 5 878347315
43 89 2 878348784
43 90 2 878348573
43 95 4 878347633
43 96 2 878348000
43 97 2 878347420
43 98 4 878348812
43 99 5 878341196
43 101 2 878348499
43 105 2 878347076
43 108 3 878346431
43 117 3 878341197
43 120 4 878346946
43 131 4 878347315
43 132 4 878347569
43 134 5 878347259
43 142 4 878347392
43 143 4 878347532
43 146 4 878341343
43 147 4 878346946
43 150 4 878341370
43 152 4 878347234
43 154 3 878348947
43 156 4 878347711
43 158 3 878347633
43 160 4 878347634
43 162 4 878348627
43 163 4 878348035
43 167 5 878347504
43 171 4 878348521
43 172 5 878348725
43 174 4 878347972
43 175 5 883613372
43 180 4 878341290
43 182 4 883613372
43 184 4 878347569
43 189 5 878348000
43 190 4 878347234
43 192 3 878348521
43 193 5 878347504
43 194 5 878347874
43 195 4 878348885
43 196 4 878347420
43 197 4 878348947
43 199 4 878347633
43 200 2 878347392
43 201 4 878347315
43 203 4 878348725
43 208 5 878347315
43 210 4 878347598
43 213 5 878348036
43 215 1 883613297
43 221 4 883613334
43 226 4 883613334
43 227 5 883613334
43 228 3 883613334
43 230 2 878347915
43 236 3 878346748
43 237 4 878347598
43 239 4 878346997
43 244 4 878340887
43 248 4 878346630
43 251 2 878346748
43 256 4 878346689
43 257 4 878340824
43 259 4 878340905
43 273 4 878348036
43 293 4 883612356
43 297 2 883612726
43 306 4 878340940
43 312 4 883612268
43 316 4 878347633
43 317 5 878347340
43 327 4 878340848
43 356 4 878347569
43 377 3 878348290
43 379 4 883613334
43 384 3 878348725
43 404 3 878346512
43 411 1 883613298
43 418 4 878348784
43 422 4 878348111
43 426 3 878348547
43 428 4 878347791
43 431 5 878347569
43 432 4 878348752
43 433 4 878348885
43 442 5 878348289
43 446 4 878347598
43 447 2 878348547
43 448 5 883613334
43 449 2 883613335
43 469 3 878348499
43 473 4 878347532
43 479 4 878347315
43 495 4 878348885
43 506 3 878347392
43 519 5 878347874
43 522 4 878348784
43 541 3 878348036
43 552 3 878347847
43 587 4 878347742
43 590 4 878341315
43 602 4 878347420
43 624 3 878348691
43 630 1 883613297
43 632 3 878347633
43 635 4 878348969
43 643 3 878347818
43 654 3 878347455
43 659 5 878347915
43 677 3 878340887
43 691 3 878347532
43 716 3 878346470
43 736 1 883613298
43 754 3 878347742
43 755 3 878346904
43 870 3 883613005
43 945 3 878347847
43 1057 4 878347392
44 6 3 881008080
44 12 5 881012356
44 23 3 881014550
44 24 4 881014015
44 49 5 881007272
44 108 5 881012356
44 110 4 881011550
44 117 4 881014550
44 120 4 881013563
44 126 5 881007272
44 150 2 881013885
44 180 4 881010742
44 224 4 881014070
44 256 5 881008781
44 277 3 881014550
44 281 4 881008636
44 283 4 881014130
44 287 3 880996629
44 410 3 881015657
44 471 3 881014417
44 472 3 881014417
44 475 3 881015729
44 595 3 881014015
44 596 3 881014070
44 741 4 881013176
44 755 2 881015244
44 761 4 881013563
44 762 2 881013563
44 763 4 881015310
44 819 4 881015860
44 825 3 881015386
44 844 4 881011188
44 925 3 881015386
44 933 2 881015860
44 992 4 881014785
44 1000 3 881014785
44 1058 2 881014417
44 1060 2 881016056
45 92 4 883616218
45 126 5 883616133
45 150 4 883616218
45 180 4 883616254
45 261 5 883614766
45 285 5 883611352
45 287 2 883611307
45 299 3 883611307
45 304 5 883614766
45 306 3 883611430
45 312 5 883611274
45 327 4 883611430
45 331 4 883611482
45 332 5 883611374
45 689 5 883611274
45 747 5 883614645
45 1061 5 883614766
46 261 5 879439040
46 267 4 879439040
46 285 3 879438984
46 291 4 879438984
46 301 5 879439040
46 303 3 879439144
46 304 5 879439040
46 305 4 879439113
46 320 4 879439040
46 322 2 879440360
46 323 3 879439078
46 339 5 879439078
46 682 3 879439143
46 994 3 879440429
46 1021 3 879440429
47 27 2 879434653
47 55 3 879434723
47 70 3 879434850
47 97 5 879434954
47 131 5 879434886
47 135 4 879434689
47 169 4 879434886
47 171 5 879434791
47 173 5 879434723
47 180 5 879434954
47 182 5 879434608
47 184 4 879434819
47 190 5 879434954
47 192 2 879434751
47 193 4 879434819
47 194 5 879434954
47 208 5 879434954
47 209 3 879434886
47 214 4 879434751
47 227 3 879434792
47 242 3 879434330
47 258 4 879434270
47 268 1 879434094
47 285 3 879434181
47 288 1 879434252
47 293 3 879434212
47 301 4 879434954
47 307 5 879434292
47 308 3 879434132
47 322 3 879434181
47 356 5 879434653
47 424 3 879434850
47 426 4 879434653
47 427 4 879434608
47 432 3 879434791
47 478 4 879434723
47 479 4 879434653
47 482 5 879434607
47 495 5 879434791
47 518 3 879434689
47 522 5 879434689
47 523 3 879434723
47 526 4 879434654
47 527 5 879434954
47 528 4 879434850
47 602 4 879434607
47 608 4 879434819
47 646 4 879434819
47 649 3 879434819
47 655 4 879434689
47 660 5 879434954
47 679 3 879434330
47 689 4 879434211
47 1062 3 879434654
47 1063 4 879434688
47 1064 2 879434792
48 0 2 888068651
48 1 1 888069606
48 2 3 888068877
48 3 2 888069512
48 7 3 888067691
48 9 3 888066086
48 10 3 888069458
48 11 4 888068057
48 12 3 888068816
48 24 2 888068791
48 38 2 888068194
48 39 1 888069222
48 41 4 888068791
48 46 5 888068715
48 49 1 888067691
48 51 2 888066647
48 52 4 888067405
48 53 2 888068265
48 54 4 888068057
48 55 5 888067307
48 56 4 888066571
48 61 2 888069660
48 67 1 888069513
48 69 2 888066614
48 70 3 888067096
48 71 2 888069246
48 76 1 888068289
48 79 1 888069117
48 81 1 888067765
48 84 3 888068934
48 89 1 888069194
48 90 5 888066979
48 92 5 888068912
48 94 2 888067031
48 95 1 888069512
48 97 4 888067307
48 98 4 888067031
48 99 4 888067307
48 100 3 888067164
48 101 2 888067164
48 107 2 888068957
48 110 2 888068686
48 115 4 888066109
48 116 1 888069459
48 120 1 888068100
48 121 2 888069138
48 122 1 888068195
48 128 2 888068079
48 142 3 888067726
48 144 1 888067460
48 146 1 888069416
48 150 5 888067727
48 153 5 888068715
48 158 2 888068245
48 160 1 888069513
48 167 5 888068686
48 170 4 888066551
48 171 1 888067691
48 172 3 888067691
48 173 1 888067691
48 174 5 888068715
48 178 5 888066446
48 180 1 888067765
48 181 3 888069416
48 184 5 888067307
48 199 3 888067358
48 201 3 888068816
48 203 1 888068686
48 207 4 888068715
48 208 5 888068877
48 212 3 888066486
48 216 3 888067405
48 217 2 888068651
48 218 1 888067405
48 224 2 888068651
48 230 3 888069579
48 234 2 888068990
48 238 2 888068912
48 239 3 888067031
48 255 4 888066215
48 257 2 888065895
48 261 5 888065620
48 267 3 888065620
48 269 2 888065432
48 282 3 888066086
48 286 4 888068842
48 288 4 888065744
48 289 2 888069062
48 293 1 888065702
48 298 2 888068651
48 299 1 888065577
48 300 3 888065640
48 301 4 888065432
48 311 3 888065786
48 312 3 888065527
48 319 5 888067334
48 323 4 888065702
48 324 3 888065744
48 327 2 888068651
48 342 2 888065786
48 345 4 888065527
48 346 3 888065487
48 357 1 888065805
48 366 3 888069117
48 368 1 888069329
48 371 4 888069040
48 381 2 888066705
48 384 1 888069536
48 385 4 888069222
48 395 4 888067482
48 400 2 888067975
48 402 3 888069636
48 403 3 888067765
48 405 2 888067428
48 412 1 888067460
48 417 3 888067031
48 418 4 888067691
48 419 4 888067031
48 422 2 888067727
48 427 5 888068791
48 431 5 888066979
48 432 5 888068739
48 454 1 888068791
48 461 2 888066486
48 464 3 888067798
48 474 4 888066109
48 475 1 888069222
48 476 2 888067727
48 500 3 888066979
48 507 3 888068841
48 513 4 888068686
48 517 4 888069437
48 530 3 888066511
48 541 2 888067096
48 545 1 888069636
48 546 5 888066187
48 556 3 888066394
48 558 2 888067405
48 560 2 888067460
48 568 3 888067482
48 576 1 888069329
48 580 3 888068143
48 582 4 888068143
48 587 4 888067031
48 589 1 888067579
48 593 3 888068245
48 624 3 888067031
48 626 2 888067096
48 627 4 888068167
48 639 1 888066685
48 651 5 888066446
48 656 5 888068032
48 691 1 888069040
48 694 3 888068957
48 697 2 888066776
48 701 3 888066614
48 712 3 888066214
48 714 3 888069040
48 716 2 888068651
48 720 2 888068934
48 724 2 888069354
48 731 3 888069040
48 736 1 888066828
48 737 3 888069138
48 773 2 888067528
48 788 4 888068033
48 812 3 888068686
48 819 1 888067164
48 820 1 888069246
48 877 2 888065825
48 903 2 888065527
48 918 5 888066133
48 925 1 888069117
48 927 2 888068651
48 930 2 888068336
48 945 2 888067096
48 958 2 888068912
48 994 3 888065577
48 996 1 888069117
48 997 2 888069194
48 1002 2 888068651
48 1008 3 888066133
48 1016 3 888069040
48 1017 2 888066755
48 1020 5 888066647
48 1027 2 888069304
48 1035 2 888069304
48 1065 2 888067187
48 1066 3 888068842
48 1067 3 888066187
48 1068 3 888068912
48 1069 3 888068739
48 1070 3 888069138
48 1071 1 888069194
48 1072 5 888066424
48 1073 2 888069165
48 1074 2 888066424
48 1075 2 888067187
48 1076 4 888068057
48 1077 1 888067164
48 1078 1 888069165
48 1079 4 888066734
48 1080 3 888069246
48 1081 3 888066214
48 1082 2 888068651
49 8 4 877052297
49 99 2 877052400
49 122 4 877052958
49 123 1 877052400
49 124 2 877052502
49 245 3 877052329
49 252 5 877052550
49 285 2 877052400
49 324 1 877052400
49 326 3 877052093
49 474 5 877052167
49 546 4 877052297
49 822 3 877052784
49 1083 5 877052501
50 63 4 883498936
50 82 5 883498937
50 131 4 883498655
50 147 3 883498623
50 180 5 883498655
50 181 3 883498790
50 202 4 883498685
50 484 1 883498790
50 495 4 883498655
50 602 3 883498728
50 678 3 883498937
50 691 3 883498685
50 704 1 883498756
51 6 5 882922204
51 12 5 882922485
51 18 5 882922407
51 21 5 882922833
51 24 5 882922562
51 94 4 882922927
51 99 4 882922204
51 106 4 882922540
51 110 4 882922357
51 115 4 882922328
51 116 4 882922629
51 120 4 882922382
51 125 5 882922589
51 150 5 882922249
51 190 5 882923031
51 203 4 882923012
51 236 4 882922227
51 249 3 882922661
51 256 3 882922806
51 257 5 882922065
51 276 5 882922661
51 279 3 882922806
51 281 4 882922302
51 284 5 882922227
51 287 3 882922454
51 301 4 882922065
51 317 5 882922974
51 332 4 882922038
51 404 4 882922610
51 462 5 882922927
51 470 4 882922562
51 472 4 882922661
51 474 4 882922357
51 497 5 882922948
51 526 5 882922927
51 587 4 882922927
51 740 4 882922302
51 747 4 882922629
51 761 3 882922806
51 814 4 882922357
51 863 3 882922661
51 918 5 882922140
51 1008 5 882922328
51 1010 4 882922588
51 1084 4 882922454
51 1085 4 882922562
52 6 3 879442991
52 14 5 879443027
52 23 3 879442538
52 24 4 879442538
52 49 4 879442978
52 99 5 879442537
52 150 4 879443011
52 155 4 879442561
52 173 5 879442561
52 180 4 879443046
52 198 5 879442384
52 227 3 879442561
52 249 2 879442920
52 256 4 879443188
52 280 4 879443288
52 283 2 879442901
52 844 3 879443083
52 923 3 879443303
53 0 4 880931595
53 6 4 880935294
53 23 1 880937311
53 24 4 880936500
53 49 5 880931687
53 99 5 880931595
53 105 3 880937882
53 116 5 880935384
53 117 4 880937813
53 126 4 880933834
53 147 3 880937490
53 150 2 880936670
53 180 5 880931358
53 239 4 880936500
53 244 4 880929738
53 249 4 880933834
53 251 3 880937630
53 254 3 882153415
53 256 4 880937311
53 257 4 880928745
53 259 4 880930146
53 267 5 883963510
53 271 5 890608175
53 272 4 880934806
53 287 4 880928957
53 290 1 891898613
53 294 3 880936905
53 297 4 892681300
53 301 4 880928519
53 306 4 891813846
53 312 4 890608360
53 327 4 880928957
53 337 3 880929490
53 339 4 890608225
53 345 4 890608303
53 404 4 880934806
53 410 5 880936296
53 470 4 880937399
53 474 5 880937251
53 545 3 880937583
53 594 3 880937813
53 596 2 880934806
53 633 1 892681013
53 675 5 880935294
53 684 3 880935504
53 740 5 880931687
53 741 5 880934806
53 747 5 880928957
53 819 3 880937992
53 822 2 880938088
53 826 3 880937813
53 828 2 880937311
53 870 5 880938547
53 929 1 880937813
53 1087 3 880937311
54 6 3 878176047
54 55 4 878176397
54 88 5 878176398
54 143 5 878176398
54 253 2 878176206
54 256 3 878176084
54 404 1 878176134
54 677 3 878176206
54 684 1 878176134
54 1015 1 878176005
54 1088 1 878176134
55 0 4 892683248
55 6 5 892679439
55 10 4 892676376